762,762
763,763
1500,1500
2262,2262
2263,2263
3001,3001
3002,3002
3735,3735
3736,3736
3737,3737
3738,3738
4472,4472
5213,5213
5214,5214
5974,5974
5975,5975
5976,5976
6736,6736
6737,6737
7481,7481
8241,8240
9004,9002
9005,9003
9006,9004
9007,9005
9774,9771
9775,9772
9776,9773
9777,9774
9778,9775
9779,9776
10525,10522
10526,10523
10527,10524
10528,10525
10529,10526
10530,10527
10531,10528
11273,11270
11274,11271
11275,11272
11276,11272
12027,12023
12028,12024
12029,12025
12762,12757
12763,12758
13513,13507
14269,14263
15030,15024
15031,15025
15032,15026
15778,15772
15779,15773
15780,15774
16514,16508
16515,16509
16516,16510
16517,16511
16518,16512
16519,16513
16520,16514
16521,16515
17257,17251
17258,17252
17997,17991
17998,17992
18729,18722
19464,19457
20200,20193
20201,20194
20951,20944
20952,20945
20953,20946
21699,21692
21700,21693
21701,21694
21703,21696
22449,22441
23204,23196
23945,23936
24700,24691
25463,25454
25464,25455
25465,25456
26216,26207
26217,26208
26218,26209
26219,26210
26220,26211
26221,26212
26222,26213
26226,26217
26980,26971
26981,26972
27718,27708
27720,27709
28471,28460
28472,28461
28473,28462
29217,29206
29218,29207
29219,29208
29220,29209
29964,29952
29965,29953
30709,30696
31455,31441
32204,32190
32957,32942
32958,32943
33701,33686
33702,33687
34446,34430
34447,34431
34448,34432
35184,35168
35185,35169
35186,35170
35926,35910
35927,35911
35928,35912
35929,35913
36678,36662
37427,37411
37428,37412
37429,37413
37430,37414
37432,37415
37433,37416
38218,38201
38219,38202
38220,38203
38221,38204
38223,38205
39020,39002
39021,39003
39022,39004
39809,39791
39810,39792
40582,40564
40583,40565
40584,40566
40585,40567
40586,40568
40587,40569
41381,41363
41382,41364
42132,42114
42133,42115
42134,42116
42881,42863
43617,43599
43618,43600
44383,44364
45147,45128
45148,45129
45932,45913
45933,45914
45934,45915
46668,46648
47425,47405
48180,48160
48181,48161
48182,48162
48183,48163
48184,48164
48185,48165
48186,48166
48190,48170
48194,48174
48949,48929
48950,48930
48954,48934
48955,48935
48956,48936
48957,48937
48958,48938
48959,48939
48960,48940
48961,48941
48963,48943
48964,48944
48965,48945
48966,48946
48967,48947
48968,48948
48969,48949
48970,48950
49726,49706
50481,50460
51224,51203
51225,51204
51226,51205
51968,51947
52703,52681
53448,53426
54203,54181
54966,54944
54967,54945
54968,54946
54969,54947
54970,54948
54971,54949
55727,55705
55728,55706
55729,55707
55730,55708
55731,55709
55732,55710
55733,55711
55734,55712
55735,55713
56474,56452
56476,56453
56477,56454
56478,56455
57226,57203
57227,57204
57228,57205
57229,57206
57230,57207
57231,57208
57968,57945
58714,58691
58715,58692
58716,58693
58717,58694
59469,59445
60213,60188
60949,60923
60950,60924
61714,61688
62453,62427
62454,62428
63209,63182
63958,63931
64712,64685
65453,65426
65454,65427
65455,65428
66221,66194
66973,66946
66974,66947
67726,67698
67727,67699
68477,68449
69224,69196
69974,69946
69975,69947
69976,69947
69977,69948
69978,69949
69979,69950
69980,69951
70715,70686
70716,70687
71472,71443
72212,72183
72213,72184
72969,72940
72970,72941
72971,72942
73718,73689
73719,73690
74454,74425
74455,74426
74456,74427
75200,75171
75201,75172
75202,75173
75944,75915
75945,75916
75946,75917
75947,75918
75948,75919
76697,76668
77443,77414
77444,77415
77445,77416
77446,77417
77447,77418
77448,77419
77449,77420
78186,78157
78187,78158
78188,78159
78189,78160
78190,78161
78191,78162
78192,78163
78193,78164
78198,78168
78199,78169
78200,78170
78201,78171
78202,78172
78203,78173
78204,78174
78952,78922
78954,78923
78955,78924
79701,79669
79702,79670
79703,79671
79704,79672
79705,79673
79709,79677
79710,79678
80448,80415
80449,80416
81194,81161
81945,81912
82697,82664
83430,83396
84180,84145
84181,84146
84182,84147
84928,84893
85673,85638
86416,86381
86417,86382
87152,87117
87153,87118
87154,87119
87155,87120
87156,87121
87900,87865
88654,88619
88655,88620
89425,89390
90208,90173
90969,90934
91716,91681
91717,91682
91718,91683
91719,91684
91720,91685
92466,92431
93209,93174
93943,93908
94705,94669
94706,94670
94707,94671
95451,95415
95452,95416
96190,96154
96929,96893
96930,96894
97674,97638
97675,97639
97676,97640
97677,97641
98411,98375
98412,98376
99155,99119
99156,99120
99157,99121
99914,99878
99915,99879
100673,100637
100674,100638
100679,100642
101430,101393
101431,101394
101436,101398
101437,101399
102193,102155
102194,102156
102195,102157
102952,102914
103709,103671
104458,104420
104459,104421
104460,104422
105198,105160
105199,105161
105950,105911
106727,106688
107481,107442
107482,107443
108237,108198
108238,108199
109013,108974
109014,108975
109015,108976
109773,109733
109774,109734
110525,110485
110526,110486
111287,111247
112041,112001
112793,112752
112794,112753
112795,112754
112796,112755
113548,113506
113549,113507
114296,114254
115049,115006
115050,115007
115796,115753
115797,115754
115798,115755
116551,116508
116552,116509
116553,116510
116554,116511
116555,116512
116556,116513
116557,116514
117294,117251
117295,117252
117296,117253
118044,118000
118045,118001
118787,118743
118788,118744
118789,118745
119538,119494
120282,120238
120283,120239
120284,120240
121027,120983
121028,120984
121784,121740
121785,121741
121786,121742
122540,122496
122544,122500
123280,123235
124024,123978
124025,123979
124781,124735
125521,125475
126264,126217
127013,126966
127750,127702
127751,127703
128499,128451
128500,128452
128501,128453
128502,128454
129245,129197
129246,129198
129247,129199
129248,129200
129249,129201
129992,129943
129993,129944
129994,129945
130747,130698
130749,130699
130750,130700
130751,130701
131500,131450
131501,131451
132291,132241
132292,132242
132297,132247
132298,132248
132303,132252
133094,133043
133879,133828
133880,133829
133881,133830
134679,134628
134681,134630
135454,135403
135455,135404
136213,136162
136980,136929
137752,137701
138519,138468
139284,139233
139285,139234
139286,139235
139287,139236
140037,139986
140041,139990
140042,139991
140797,140746
141545,141494
141550,141498
141551,141499
142295,142243
143050,142998
143804,143752
143805,143753
144553,144500
144558,144504
144559,144505
144560,144506
144561,144507
144563,144508
144567,144512
144568,144513
144569,144514
145341,145285
145342,145286
145343,145287
146097,146041
146836,146780
146837,146781
147587,147531
147588,147532
147589,147533
147590,147534
147591,147535
147593,147536
148335,148277
148336,148278
149079,149020
149080,149021
149081,149022
149828,149769
150578,150518
150579,150519
150580,150520
150581,150521
151319,151259
152060,152000
152061,152001
152062,152002
152804,152744
153556,153495
154291,154230
155026,154965
155027,154966
155028,154967
155029,154968
155030,154969
155031,154970
155775,155714
155776,155715
155777,155716
156520,156459
156521,156460
157255,157194
157260,157198
158001,157939
158002,157940
158003,157941
158740,158678
158741,158679
158742,158680
158743,158681
159486,159423
160233,160170
160234,160171
160235,160172
160980,160917
161722,161659
162469,162406
163213,163150
163214,163151
163977,163913
164718,164653
165459,165394
166208,166143
166209,166144
166210,166145
166211,166146
166215,166150
166219,166154
166970,166905
166971,166906
167725,167659
167726,167660
167727,167661
168480,168414
169223,169157
169958,169891
170699,170632
170700,170633
171451,171384
171452,171385
172197,172129
172198,172130
172199,172131
172200,172132
172933,172865
173683,173614
174425,174356
174426,174357
174427,174358
175172,175102
175173,175103
175174,175104
175924,175854
175925,175855
176657,176587
177402,177332
177403,177333
177407,177337
177408,177338
177409,177339
177410,177340
178178,178108
178179,178109
178917,178846
178919,178847
178920,178848
178924,178852
178925,178853
179682,179609
179683,179610
179684,179611
179685,179612
179686,179613
179688,179614
180431,180357
180432,180358
180433,180359
180434,180360
180435,180361
181173,181099
181174,181100
181175,181101
181176,181102
181912,181838
181913,181839
182648,182574
182649,182575
183392,183318
184162,184088
184163,184089
184164,184090
184925,184850
184926,184851
185685,185610
185686,185611
186437,186362
186438,186363
187189,187114
187190,187115
187191,187116
187192,187117
187193,187118
187194,187119
187928,187853
188674,188599
188675,188600
189424,189348
189425,189349
190165,190088
190166,190089
190911,190834
190912,190835
191647,191569
191648,191570
191649,191571
191650,191572
191651,191573
191652,191574
191653,191575
191654,191576
191655,191577
192399,192321
193148,193070
193884,193805
193885,193806
193886,193807
193887,193808
193888,193809
194635,194556
194639,194560
195391,195311
195392,195312
196140,196060
196141,196061
196142,196062
196885,196805
197621,197540
197622,197541
197623,197542
198376,198295
199125,199043
199863,199781
199864,199782
199869,199786
200620,200537
200621,200538
201386,201303
202124,202041
202125,202042
202126,202043
202905,202822
203657,203573
203658,203574
204404,204320
204405,204321
205161,205077
205904,205820
205905,205821
205906,205822
205907,205823
205908,205824
205909,205825
205910,205826
206659,206574
207404,207319
208149,208064
208150,208065
208151,208066
208152,208067
208895,208809
208896,208810
209648,209562
209649,209563
209650,209564
209651,209565
209653,209567
210415,210329
210416,210330
211175,211088
211917,211830
212663,212576
212664,212577
212665,212578
212666,212579
213409,213322
213410,213323
213411,213324
213412,213325
214163,214076
214164,214077
214905,214818
214906,214819
214907,214820
214908,214821
214909,214822
215657,215569
215658,215570
215659,215571
215660,215572
215661,215573
216397,216309
216398,216310
216399,216311
216400,216312
217147,217058
217904,217815
217905,217816
217906,217817
217907,217818
218667,218578
218668,218579
219410,219321
219411,219322
219412,219323
219413,219324
220153,220064
220888,220799
220889,220800
220890,220801
221631,221542
222374,222284
223110,223020
223848,223758
224584,224494
225329,225238
225330,225239
225331,225240
225332,225241
225333,225242
225334,225243
225335,225244
226097,226006
226857,226766
227653,227561
228444,228352
228445,228353
228446,228354
228447,228355
229229,229137
230006,229913
230813,230720
230814,230721
231558,231465
231559,231466
231560,231467
232332,232239
232333,232240
232334,232241
232335,232242
233091,232997
233830,233736
233831,233737
234590,234496
234595,234500
235335,235240
236068,235972
236808,236712
237557,237460
238294,238197
238295,238198
238296,238199
238297,238200
239033,238935
239034,238936
239784,239686
239785,239687
240529,240430
241269,241170
241270,241171
242019,241920
242020,241921
242775,242676
242776,242677
242777,242678
242779,242679
242780,242680
242781,242681
242782,242682
242783,242683
242784,242684
242785,242685
242786,242686
243527,243427
244268,244168
244269,244169
245015,244914
245016,244915
245757,245656
246510,246409
246511,246410
246512,246411
247295,247194
247296,247195
247297,247196
248066,247965
248067,247966
248071,247970
248814,248713
248815,248714
248816,248715
249582,249481
250345,250244
250346,250245
250347,250246
250348,250247
251094,250993
251095,250994
251096,250995
251842,251741
252582,252481
252583,252482
253327,253226
254078,253976
254821,254719
254822,254720
255575,255473
255576,255474
256316,256214
257064,256962
257068,256966
257811,257708
257812,257709
258560,258457
258561,258458
258562,258459
258563,258460
259296,259193
259297,259194
259298,259195
259299,259196
260062,259959
260819,260716
260824,260721
260825,260722
261575,261471
261577,261472
262327,262221
262328,262222
262329,262223
263080,262974
263081,262975
263082,262976
263083,262977
263084,262978
263819,263713
263820,263714
263821,263715
263822,263716
263823,263717
263824,263718
264579,264473
264580,264474
264581,264475
264582,264476
265326,265220
266079,265973
266828,266722
266829,266723
267563,267457
267564,267458
268305,268199
269044,268938
269045,268939
269046,268940
269795,269688
270542,270435
270543,270436
270544,270437
271290,271183
271294,271187
271295,271188
271296,271189
271297,271190
271298,271191
272042,271935
272785,272678
272786,272679
272787,272680
272788,272681
273542,273435
273543,273436
273544,273437
274301,274194
274302,274195
274306,274199
274307,274200
275054,274946
275055,274947
275057,274948
275806,275697
276553,276444
277305,277196
278062,277953
278063,277954
278064,277955
278855,278746
279627,279517
280379,280268
280380,280269
280381,280270
280382,280271
281145,281034
281146,281035
281890,281779
281891,281780
282650,282539
282651,282540
282653,282541
283397,283285
284143,284030
284148,284034
284149,284035
284150,284036
284909,284795
285657,285542
285658,285543
285659,285544
286423,286307
286424,286308
286425,286309
287167,287051
287168,287052
287910,287794
287911,287795
288644,288528
289404,289288
289405,289289
290157,290041
290910,290794
290911,290795
291656,291540
292395,292279
293142,293025
293143,293026
293895,293778
293896,293779
293897,293780
293898,293781
293899,293782
293900,293783
294651,294533
294652,294534
295405,295287
295406,295288
295407,295289
296174,296056
296175,296057
296176,296058
296177,296059
296932,296814
297688,297570
297689,297571
297690,297572
298423,298305
298424,298306
299164,299046
299898,299780
299899,299781
299900,299782
299905,299786
300645,300526
301396,301277
301397,301278
301398,301279
302144,302024
302884,302764
303626,303506
304367,304247
304368,304248
305105,304985
305107,304986
305848,305727
305849,305728
306589,306468
306590,306469
306591,306470
307337,307215
307338,307216
307339,307217
307340,307218
308086,307964
308087,307965
308088,307966
308850,308727
308851,308728
308852,308729
308854,308730
308855,308731
308856,308732
308857,308733
308858,308734
309614,309489
309615,309490
310363,310237
310364,310238
311098,310972
311838,311712
311839,311713
311840,311714
311841,311715
312588,312462
312589,312463
312590,312464
313341,313215
314084,313958
314085,313959
314823,314696
314824,314697
315572,315444
315573,315445
316342,316213
316343,316214
316344,316215
317096,316966
317836,317706
317837,317707
317838,317708
317839,317709
318574,318444
318575,318445
318576,318446
318577,318447
318578,318448
318579,318449
318581,318450
319336,319205
319340,319209
319341,319210
320089,319958
320091,319959
320092,319960
320093,319961
320839,320707
320840,320708
320841,320709
321592,321460
322335,322203
322336,322204
322337,322205
323121,322989
323122,322990
323918,323786
323919,323787
323921,323788
323922,323789
324725,324592
325531,325398
325532,325399
326354,326221
326356,326222
326357,326223
326358,326224
326359,326225
327106,326972
327853,327719
327854,327720
327855,327721
327856,327722
327857,327723
328612,328478
328613,328479
328614,328480
328615,328481
329354,329219
330099,329964
330100,329965
330101,329966
330844,330708
330845,330709
330846,330710
331589,331452
331590,331453
332349,332211
333092,332954
333093,332955
333094,332956
333842,333704
333843,333705
333844,333706
334596,334458
334600,334462
334604,334466
334605,334467
334606,334468
334607,334469
334608,334470
334609,334471
334610,334472
334611,334473
334612,334474
334613,334475
335371,335233
335372,335234
335373,335235
336111,335973
336850,336712
336851,336713
336852,336714
336853,336715
336854,336716
336855,336717
336859,336721
336860,336722
336861,336723
337612,337474
337613,337475
338349,338211
338350,338212
339091,338952
339092,338953
339093,338954
339094,338955
339859,339720
339861,339722
339862,339723
340599,340460
341338,341199
342084,341945
342816,342677
342818,342678
343577,343437
343578,343438
344324,344184
345063,344922
345064,344923
345804,345662
345805,345663
345806,345664
346546,346404
346550,346408
346551,346409
347298,347156
347299,347157
348041,347899
348778,348636
349519,349377
349520,349378
349521,349379
349522,349380
349523,349381
349524,349382
349525,349383
349526,349384
349528,349385
349529,349386
349530,349387
349531,349388
349532,349389
349533,349390
350290,350147
351032,350889
351784,351641
352523,352380
352524,352381
352525,352382
353261,353118
354002,353858
354754,354610
354755,354611
354756,354612
354757,354613
354758,354614
355495,355351
356246,356101
356995,356850
356996,356851
356997,356852
357734,357589
358490,358345
359248,359103
359990,359845
359991,359846
360729,360584
361466,361320
362201,362054
362202,362055
362951,362804
362952,362805
362953,362806
362954,362807
362955,362808
363698,363551
364448,364301
365197,365049
365198,365050
365199,365051
365200,365052
365204,365056
365941,365793
366677,366529
366678,366530
366679,366531
366680,366532
366681,366533
367431,367283
368168,368020
368169,368021
368170,368022
368921,368773
368922,368774
368923,368775
368924,368776
368925,368777
369682,369534
370416,370268
370417,370269
370418,370270
370419,370271
370420,370272
370421,370273
370422,370274
370423,370275
370424,370276
370425,370277
371201,371053
371974,371826
372734,372586
372735,372587
373483,373335
373484,373336
373488,373340
373489,373341
373490,373342
374239,374091
374986,374838
374987,374839
374988,374840
375737,375589
375738,375590
375739,375591
375740,375592
375741,375593
376489,376341
376493,376345
377226,377078
377968,377819
378721,378572
378722,378573
379465,379316
379466,379317
379467,379318
379468,379319
380213,380064
380962,380813
380963,380814
380964,380815
381714,381565
382462,382313
382463,382314
382464,382315
382465,382316
383224,383075
383225,383076
383226,383077
383227,383078
383979,383830
383980,383831
383981,383832
384727,384578
385474,385325
385475,385326
386217,386067
386218,386068
386219,386069
386965,386814
386966,386815
386967,386816
387706,387555
387707,387556
388459,388308
388460,388309
388461,388310
389207,389055
389208,389056
389962,389810
389963,389811
389964,389812
389965,389813
389966,389814
390712,390560
391459,391307
392206,392054
392941,392789
393693,393541
393694,393542
393695,393543
393696,393544
393697,393545
394455,394302
394456,394303
394457,394304
395187,395034
395188,395035
395943,395790
396687,396534
397424,397271
397425,397272
398170,398017
398171,398018
398172,398019
398173,398020
398932,398778
398933,398779
398934,398780
398935,398781
399673,399519
399674,399520
399675,399521
399676,399522
399677,399523
400419,400265
400420,400266
400421,400267
401169,401015
401922,401767
401923,401768
402681,402526
402682,402527
402683,402528
403436,403281
404191,404036
404192,404037
404932,404777
404933,404778
405688,405533
405689,405534
405690,405535
405691,405536
405692,405537
406441,406286
406442,406287
407168,407013
407172,407017
407173,407018
407174,407019
407175,407020
407915,407760
407916,407761
407917,407762
408665,408510
409411,409256
409412,409257
409413,409258
409414,409259
410164,410009
410165,410010
410166,410011
410913,410758
411662,411507
412412,412257
412413,412258
413173,413018
413174,413019
413932,413777
414673,414517
414677,414521
414678,414522
414679,414523
415428,415272
416170,416013
416966,416809
416968,416810
417791,417633
417792,417634
417793,417635
417794,417636
417795,417637
418606,418448
419404,419246
419405,419247
419406,419248
419407,419249
419408,419250
420209,420050
420213,420054
420214,420055
420215,420056
420969,420810
420973,420814
421719,421560
422460,422301
423229,423070
423981,423822
423982,423823
423983,423824
423984,423825
423985,423826
423986,423827
424735,424575
425501,425340
426247,426086
426980,426819
426981,426820
426982,426821
426983,426822
426984,426823
427733,427572
428480,428319
428481,428320
428482,428321
429223,429061
429224,429062
429225,429063
429960,429798
430695,430533
430696,430534
430697,430535
430698,430536
430699,430537
430700,430538
431447,431285
431448,431286
432205,432043
432206,432044
432207,432045
432208,432046
432209,432047
432952,432790
432953,432791
432954,432792
433701,433539
433702,433540
434433,434270
435171,435008
435172,435009
435916,435753
436666,436502
436667,436503
436668,436504
436669,436505
437413,437248
437414,437249
438149,437984
438901,438736
438902,438737
438903,438738
438904,438739
438905,438740
438906,438741
439642,439477
440389,440224
440390,440225
440391,440226
441132,440967
441133,440968
441135,440970
441139,440974
441143,440978
441144,440979
441145,440980
441889,441724
442659,442494
442660,442495
442661,442496
443405,443240
443406,443241
443407,443241
443408,443242
443409,443243
444149,443982
444886,444718
445626,445458
445627,445459
445628,445460
445629,445461
445630,445462
445631,445463
446373,446204
447106,446937
447847,447678
447848,447679
447849,447680
448600,448431
448601,448432
449340,449171
450079,449910
450817,450648
450818,450649
451595,451425
451596,451426
451597,451427
451598,451428
452340,452170
452341,452171
453076,452906
453077,452907
453820,453650
453821,453651
453822,453652
453823,453653
453824,453654
454562,454392
454563,454393
455303,455133
456041,455871
456042,455872
456787,456616
456788,456617
456789,456618
457557,457386
458299,458128
459057,458885
459058,458886
459059,458887
459060,458888
459061,458889
459797,459625
459798,459626
459799,459627
460551,460379
460552,460380
461299,461127
462056,461884
462057,461885
462797,462624
462798,462625
462799,462626
462800,462627
463567,463394
463568,463395
464350,464177
465111,464937
465112,464938
465113,464939
465851,465677
465852,465678
466597,466423
467349,467175
467350,467176
468088,467914
468089,467915
468090,467916
468091,467917
468093,467918
468840,468664
468844,468668
468845,468669
468846,468670
468847,468671
468848,468672
469596,469420
469597,469421
470335,470159
471098,470922
471099,470923
471100,470924
471101,470925
471839,471662
472586,472408
472587,472409
472588,472410
472589,472411
473327,473149
473328,473150
473329,473151
474081,473903
474831,474653
475567,475389
475568,475390
476312,476134
477063,476885
477064,476886
477065,476887
477070,476892
477071,476893
477815,477636
477816,477637
478573,478394
478574,478395
478575,478396
478580,478400
478581,478401
479335,479155
480095,479915
480849,480669
480850,480670
481628,481447
481633,481451
482397,482215
482402,482219
482403,482220
482404,482221
483155,482972
483156,482973
483915,483732
484667,484483
485416,485231
485417,485232
485418,485233
485419,485234
485420,485235
486166,485981
486167,485982
486168,485983
486169,485984
486906,486721
486907,486722
487653,487468
487654,487469
488397,488212
488398,488213
488399,488214
488400,488215
489152,488967
489153,488968
489154,488969
489155,488970
489156,488970
489916,489729
489917,489730
490668,490480
490669,490481
490670,490482
491421,491233
492164,491976
492165,491977
492910,492722
493654,493466
493655,493467
494404,494216
494405,494217
494406,494218
494407,494219
494408,494220
495160,494971
495165,494975
495166,494976
495167,494977
495922,495732
495923,495733
495924,495734
496669,496478
497411,497219
498168,497976
498169,497977
498170,497978
498171,497979
498920,498728
498921,498729
498922,498730
498923,498731
498924,498732
498925,498733
498926,498734
498927,498735
499686,499494
500430,500238
500431,500239
500432,500240
500433,500241
500434,500242
500435,500243
500436,500244
501182,500990
501183,500991
501184,500992
501938,501746
501939,501747
501940,501748
501941,501749
502671,502479
502672,502480
502673,502481
503409,503217
503410,503218
503411,503219
503412,503220
503413,503221
503414,503222
503415,503223
504159,503967
504160,503968
504161,503969
504162,503970
504163,503971
504164,503972
504906,504714
504907,504715
504908,504716
505646,505454
505647,505455
505648,505456
505649,505457
505650,505458
505654,505462
505655,505463
506397,506205
507150,506958
507154,506962
507925,507732
507926,507733
507927,507734
507929,507735
507930,507736
508730,508535
508731,508536
508732,508537
508733,508538
508734,508539
508735,508540
508736,508541
508737,508542
508738,508543
509546,509350
509547,509351
510336,510140
510337,510141
510338,510142
510339,510143
510340,510144
511136,510940
511137,510941
511938,511741
511939,511742
511940,511743
512677,512480
512678,512481
512679,512482
512680,512483
512681,512484
512682,512485
512683,512486
512684,512487
513428,513231
514192,513995
514971,514774
514972,514775
514973,514776
514974,514777
514975,514778
514976,514779
515729,515532
516503,516305
516504,516306
516505,516307
516506,516308
517259,517061
518019,517821
518020,517822
518021,517823
518787,518589
519548,519350
520293,520095
521044,520845
521792,521593
521793,521594
521794,521595
521795,521596
521796,521597
521797,521598
522558,522359
523307,523107
523308,523108
523309,523109
524051,523851
524052,523852
524798,524598
524800,524599
524801,524600
524802,524601
524803,524602
525541,525340
525542,525341
525547,525345
525548,525346
526308,526106
527063,526860
527830,527627
527831,527628
527832,527629
527833,527630
527834,527631
527835,527632
528571,528367
528572,528368
529317,529113
529318,529114
529319,529115
530080,529876
530845,530640
530846,530641
530848,530642
531601,531395
532359,532153
532360,532154
532361,532155
533118,532912
533119,532913
533120,532914
533121,532915
533122,532916
533123,532917
533124,532918
533125,532919
533859,533653
533860,533654
533861,533655
533862,533656
534618,534412
535366,535159
535367,535160
535368,535161
536119,535912
536121,535913
536864,536656
537618,537409
538372,538162
539116,538906
539117,538907
539861,539651
539862,539652
540626,540415
540627,540416
541386,541174
542149,541937
542150,541938
542151,541939
542152,541940
542907,542695
542908,542696
542909,542697
542910,542698
543663,543451
544411,544198
544412,544199
545150,544936
545896,545682
545897,545683
545898,545684
545899,545685
546655,546441
546656,546442
546657,546443
546658,546444
546659,546445
546660,546446
547415,547201
547416,547202
548150,547936
548151,547937
548896,548682
548900,548686
548901,548687
549653,549439
549654,549440
549655,549441
549656,549442
550425,550211
550426,550212
550427,550213
550428,550214
550429,550215
551177,550963
551178,550964
551940,551726
551941,551727
552705,552491
552706,552492
553480,553266
553481,553267
553482,553268
553483,553269
553484,553270
553485,553271
553486,553272
554260,554046
554261,554047
555014,554799
555015,554800
555016,554801
555017,554802
555768,555552
555769,555553
555774,555557
555775,555558
556523,556306
556525,556307
557276,557058
558016,557797
558769,558550
558774,558554
559527,559307
560263,560043
560264,560044
561007,560787
561744,561524
562475,562255
562476,562256
562478,562257
562479,562258
563226,563005
563962,563741
564720,564498
564721,564499
564722,564500
564723,564501
564724,564502
565472,565250
565473,565251
565474,565252
565475,565253
565476,565254
565477,565255
566225,566003
566984,566761
567724,567501
567725,567502
568483,568260
568484,568261
569244,569020
569245,569021
569246,569022
570001,569777
570002,569778
570747,570523
570748,570524
570749,570525
571505,571281
572243,572019
572244,572020
572986,572762
572987,572763
572988,572764
572989,572765
572990,572766
573747,573523
574483,574259
574484,574260
574485,574261
574486,574262
575246,575022
575247,575023
575248,575024
575993,575769
575994,575770
575995,575771
576000,575775
576740,576514
576741,576515
577491,577265
578224,577998
578225,577999
578962,578735
579713,579486
579714,579487
580451,580224
581188,580961
581190,580962
581948,581719
581949,581720
581950,581721
582703,582473
583440,583210
584171,583941
584921,584691
585674,585444
586423,586193
586424,586194
587159,586929
587160,586930
587161,586931
587162,586932
587900,587670
587901,587671
587902,587672
587903,587673
587907,587677
587908,587678
587909,587679
587910,587680
587911,587681
587912,587682
588665,588435
588666,588436
588667,588437
589439,589209
590185,589955
590186,589956
590187,589957
590188,589958
590189,589959
590929,590699
590930,590700
591690,591460
591691,591461
592448,592218
593195,592965
593196,592966
593969,593739
594732,594502
595478,595248
596247,596017
596248,596018
596249,596019
596250,596020
596251,596021
597015,596785
597767,597537
597771,597541
597772,597542
597773,597543
597777,597547
597778,597548
598531,598301
598532,598302
598533,598303
598534,598304
598535,598305
598536,598306
598537,598307
598538,598308
598539,598309
598540,598310
598541,598311
598542,598312
598543,598313
598544,598314
599298,599068
599299,599069
599300,599070
600063,599833
600847,600617
600848,600618
600849,600619
601608,601377
602414,602183
603206,602975
603207,602976
603208,602977
603996,603765
603997,603766
604807,604576
604808,604577
604809,604578
604810,604579
604811,604580
604812,604581
605609,605378
605610,605379
605611,605380
605612,605381
605613,605382
605614,605383
606351,606119
607094,606862
607095,606863
607096,606864
607097,606865
607098,606866
607837,607604
607838,607605
608573,608339
609312,609077
610069,609834
610070,609835
610818,610583
611566,611330
611568,611331
611569,611332
611570,611333
611571,611334
611572,611335
611573,611336
612325,612088
612326,612089
612327,612090
613068,612831
613802,613565
613803,613566
613804,613567
613805,613568
613806,613569
614544,614307
615296,615059
615297,615060
615298,615061
616059,615822
616060,615823
616808,616571
616809,616572
616815,616576
617572,617333
617577,617337
617578,617338
617582,617342
617583,617343
617584,617344
617585,617345
617587,617346
617588,617347
617589,617348
618343,618101
618347,618105
618348,618106
619103,618861
619104,618862
619105,618863
619859,619617
619860,619618
619861,619619
620619,620376
621376,621133
621377,621134
621378,621135
621379,621136
622133,621889
622134,621890
622135,621891
622136,621892
622890,622646
623630,623386
623631,623387
624383,624139
625127,624883
625875,625630
625876,625631
625877,625632
625878,625633
625879,625634
625880,625635
626623,626378
626624,626379
626628,626383
626629,626384
626630,626385
627384,627139
627389,627143
628120,627874
628121,627875
628870,628624
628871,628625
629607,629360
630357,630110
630358,630111
630359,630112
630360,630113
630361,630114
631099,630852
631100,630853
631101,630854
631852,631605
631853,631606
631854,631607
631855,631607
631856,631608
632593,632345
633323,633075
633325,633077
633326,633078
634071,633822
634072,633823
634073,633824
634812,634562
634813,634563
635554,635303
635555,635304
636297,636046
636298,636047
637028,636777
637764,637513
637765,637514
637766,637515
638524,638273
638525,638274
638527,638276
638528,638277
638529,638278
638530,638279
638534,638283
639279,639028
639280,639029
639281,639030
639286,639034
640023,639771
640024,639772
640025,639773
640771,640519
640772,640520
640773,640521
640774,640522
641530,641278
641531,641279
641532,641280
642268,642016
642269,642017
642270,642018
642271,642019
642272,642020
643011,642759
643012,642760
643013,642761
643014,642762
643015,642763
643016,642764
643786,643533
643787,643534
643788,643535
643789,643536
643790,643537
643791,643538
643792,643539
644557,644304
644558,644305
644559,644306
644560,644307
645314,645061
645315,645062
645316,645063
645317,645064
646058,645804
646059,645805
646060,645806
646061,645807
646062,645808
646808,646554
647553,647299
648290,648036
648291,648037
649059,648805
649805,649550
649806,649551
650542,650287
650543,650288
650544,650289
651302,651047
651303,651048
652058,651803
652803,652547
653561,653304
654307,654050
655059,654801
655060,654802
655061,654803
655062,654804
655063,654805
655806,655548
655807,655549
656542,656284
656544,656285
657285,657026
657286,657027
658043,657783
658799,658539
658800,658540
658801,658541
658802,658542
658803,658543
658804,658544
659544,659284
659545,659285
660285,660025
660286,660026
661019,660759
661784,661524
662530,662269
663285,663023
663286,663024
663287,663025
664035,663773
664039,663777
664040,663778
664041,663779
664042,663780
664043,663781
664044,663782
664045,663783
664788,664526
665528,665266
665529,665267
666274,666012
667027,666765
667028,666766
667029,666767
667030,666768
667031,666769
667765,667503
668517,668255
668518,668256
668519,668257
669270,669008
670013,669751
670757,670494
671496,671233
671501,671237
671502,671238
671503,671239
672253,671989
673001,672737
673738,673474
673739,673475
674483,674219
674484,674220
674485,674221
674486,674222
674487,674223
674488,674224
674489,674225
674490,674226
674491,674227
674492,674228
674493,674229
674494,674230
675256,674992
675257,674993
675258,674994
675259,674995
676009,675744
676010,675745
676011,675746
676012,675747
676013,675748
676014,675749
676015,675750
676016,675751
676017,675752
676018,675753
676774,676508
676775,676509
676776,676510
677558,677292
677559,677293
678322,678056
679079,678813
679844,679578
680596,680330
680597,680331
681343,681076
681344,681077
682085,681818
682086,681819
682827,682560
683575,683308
684309,684042
684310,684043
684311,684044
685057,684790
685058,684791
685059,684792
685060,684793
685820,685553
686568,686300
686569,686301
686570,686302
687315,687047
687316,687048
687317,687049
687318,687050
687319,687051
688051,687783
688052,687784
688790,688522
688791,688523
689560,689291
690335,690066
691106,690837
691107,690838
691873,691604
691874,691605
692629,692360
693374,693104
694139,693869
694939,694669
694940,694670
695728,695458
695729,695459
696523,696253
696524,696254
696525,696255
696526,696256
697313,697043
698085,697815
698834,698564
698835,698565
698836,698566
698837,698567
699568,699297
699569,699298
700305,700034
701047,700776
701048,700777
701806,701535
701807,701536
701808,701537
701809,701538
701810,701539
701811,701540
701812,701541
701813,701542
702560,702288
703290,703018
704056,703784
704057,703785
704799,704527
705536,705264
705537,705265
705538,705266
705539,705267
706288,706016
706289,706017
707030,706758
707031,706759
707776,707503
707777,707504
707778,707505
708528,708254
708529,708255
708530,708256
708531,708257
709272,708998
709273,708999
710022,709748
710023,709749
710765,710491
710766,710492
710767,710493
710768,710494
710769,710495
710770,710496
711522,711247
712263,711988
713011,712736
713012,712737
713013,712738
713014,712739
713769,713494
713770,713495
713771,713496
714516,714241
715247,714972
715248,714973
715249,714974
715250,714975
715997,715721
716750,716473
717502,717225
717503,717226
717504,717227
718264,717987
718265,717988
718266,717989
718267,717990
719019,718742
719020,718743
719021,718744
719022,718745
719774,719497
719775,719498
719776,719499
720513,720236
720514,720237
720515,720238
720516,720239
721255,720978
721256,720979
721257,720980
721258,720981
721259,720982
722003,721726
722757,722480
723493,723216
723494,723217
724235,723958
724236,723959
724237,723960
724982,724704
724983,724705
724984,724706
724985,724707
725722,725444
725723,725445
725724,725446
725725,725447
725726,725448
726468,726190
726469,726191
726473,726195
726474,726196
726478,726200
727230,726952
727978,727700
728728,728450
728729,728451
729481,729202
730233,729953
730234,729954
730985,730705
731722,731442
732459,732179
732460,732180
732461,732181
732462,732182
732463,732183
732464,732184
732465,732185
733211,732930
733212,732931
733213,732932
733951,733669
733952,733670
733953,733671
734694,734412
735425,735143
736178,735896
736941,736658
736946,736663
737733,737450
738501,738218
738502,738219
738503,738220
739255,738972
739256,738973
739257,738974
739258,738975
740036,739752
740037,739753
740038,739754
740039,739755
740772,740488
741521,741237
742255,741971
742256,741972
742257,741973
743014,742730
743746,743462
743747,743463
744495,744211
745254,744970
745255,744971
745259,744975
746016,745732
746020,745736
746021,745737
746022,745738
746023,745739
746024,745740
746767,746483
746768,746484
746769,746485
747505,747221
747506,747222
748273,747989
749010,748725
749755,749470
750507,750222
751261,750976
751262,750977
751266,750981
752015,751730
752756,752470
752757,752471
753512,753225
754261,753974
754997,754710
754998,754711
755761,755474
755762,755475
756518,756231
757257,756970
758018,757730
758019,757731
758020,757732
758769,758480
759525,759236
760265,759976
760266,759977
760267,759978
761016,760727
761774,761485
761775,761486
761776,761487
762516,762227
763250,762961
763251,762962
763252,762963
763994,763705
763995,763706
764743,764453
765485,765195
766231,765940
766232,765941
766233,765942
766234,765943
766235,765944
766976,766685
766977,766686
766978,766687
767726,767434
767728,767435
767729,767436
767730,767437
768470,768177
769211,768918
769968,769675
769969,769676
769970,769677
770715,770422
771460,771167
771464,771171
772221,771928
772222,771929
772976,772682
773740,773446
773741,773447
773742,773448
774484,774189
