1,1
2,2
3,2
18,17
21,20
32,31
33,32
34,33
35,34
36,35
2038,2037
4067,4066
6006,6005
8044,8043
10101,10100
12102,12101
14130,14128
14131,14129
16258,16256
16259,16257
16260,16258
16261,16259
16262,16260
16263,16261
16264,16261
18138,18134
18146,18141
20177,20172
20184,20179
20189,20184
20190,20185
20191,20186
20192,20187
20193,20188
20194,20189
20195,20190
20199,20194
20200,20195
20201,20196
20202,20197
21721,21716
21722,21717
21723,21718
23532,23527
25126,25120
26947,26941
26951,26945
28583,28577
28584,28578
28585,28579
28586,28580
28587,28581
28588,28582
28590,28584
28591,28585
30578,30572
30579,30573
30581,30575
30582,30576
32698,32691
34933,34926
37217,37210
39593,39586
39594,39587
39595,39588
39596,39589
39603,39596
39604,39597
39606,39599
41206,41198
43142,43134
45522,45514
47568,47560
49609,49601
49610,49602
49611,49603
51895,51887
51897,51889
51899,51891
53870,53861
56051,56042
56052,56043
56053,56044
56054,56045
56055,56046
56059,56050
56060,56051
58230,58220
58232,58221
58234,58223
58236,58225
60481,60469
60485,60472
60488,60475
60489,60476
62156,62143
64208,64195
64209,64196
66419,66406
68450,68437
70646,70633
70648,70635
72598,72585
74574,74561
74575,74562
76501,76487
76502,76488
76503,76489
78383,78369
78391,78377
78392,78378
78393,78379
78394,78380
78395,78381
80374,80359
82276,82261
82278,82263
84397,84382
84399,84384
86475,86460
86476,86461
86477,86462
88482,88467
88487,88472
88488,88473
88489,88474
88490,88475
89862,89847
89863,89848
89864,89849
89865,89850
89866,89851
89867,89852
89869,89854
89871,89856
89873,89858
89876,89860
92086,92069
92087,92070
94270,94253
96349,96332
97944,97926
97945,97927
97947,97928
99857,99837
99858,99838
101895,101875
104008,103988
106290,106270
106291,106271
108338,108317
108339,108318
108341,108320
110385,110364
112349,112328
112350,112329
112351,112330
112352,112331
112353,112332
112354,112333
114256,114235
114257,114236
114261,114240
114266,114244
116181,116158
118105,118082
118106,118083
118111,118087
118112,118088
120259,120235
120260,120236
120261,120236
120263,120237
120265,120239
120266,120240
120267,120241
120269,120242
120270,120243
120271,120244
120272,120245
120273,120245
120274,120246
120275,120247
120276,120248
120277,120249
120278,120250
122008,121980
123613,123585
125414,125385
127158,127129
127161,127132
127162,127133
127163,127134
127164,127135
127165,127136
129006,128977
129009,128979
130663,130633
130670,130640
132408,132378
132410,132380
132412,132382
132415,132384
132417,132386
134254,134223
134262,134230
134263,134231
134264,134232
134266,134234
134268,134235
134269,134236
134270,134237
134271,134238
136264,136231
136267,136233
136268,136234
138370,138336
138371,138337
138372,138338
138373,138339
140117,140082
141941,141906
141943,141907
143845,143809
145673,145637
145674,145638
147405,147369
149419,149383
151318,151282
153427,153391
155409,155373
155410,155374
157132,157096
157134,157097
159198,159161
159199,159162
161332,161295
161333,161296
163410,163373
165556,165518
165557,165519
165563,165520
165564,165521
167430,167387
167431,167388
167432,167389
167433,167390
167434,167391
168850,168807
170811,170768
172909,172866
172910,172867
174679,174636
174681,174637
174682,174638
174683,174639
176700,176656
178738,178694
180679,180635
180680,180636
180681,180637
180682,180638
180683,180639
180687,180643
180690,180646
180692,180648
182971,182926
182972,182927
184917,184871
184918,184872
184919,184873
184920,184874
187057,187011
187059,187012
187060,187013
187061,187014
188901,188854
190856,190809
190858,190810
190860,190812
190861,190813
190862,190814
190865,190817
190866,190818
192789,192741
192790,192742
192795,192747
194415,194367
194416,194368
194417,194369
194418,194370
194419,194371
194420,194372
194421,194373
196372,196323
196373,196324
196374,196325
196376,196327
198313,198264
198315,198266
198316,198267
198317,198267
199836,199786
199841,199791
199842,199792
199843,199793
201653,201603
201660,201609
201661,201610
203396,203345
205028,204977
206806,206754
206808,206756
208531,208479
208533,208481
208534,208482
208535,208483
210557,210504
212639,212585
212641,212587
214802,214748
216884,216830
218997,218943
218998,218944
220942,220888
220944,220890
220946,220892
220948,220894
220950,220896
222844,222790
224752,224698
226471,226417
228301,228246
228302,228247
228304,228248
230308,230251
230310,230252
232328,232270
234320,234262
236378,236320
236379,236321
238512,238454
238513,238455
238514,238456
238515,238457
238516,238458
239998,239940
242205,242146
242206,242147
242208,242149
242210,242151
244302,244243
244304,244245
244310,244250
246299,246238
246300,246239
246304,246243
246305,246244
248018,247957
248020,247959
249787,249726
249799,249738
251393,251332
253267,253205
253268,253206
255237,255175
255238,255176
255239,255177
257398,257335
259593,259530
261655,261591
261656,261592
263377,263313
265418,265353
265421,265356
265422,265357
265423,265358
267400,267334
269193,269127
271241,271175
273306,273240
273308,273242
273309,273243
275440,275374
277220,277154
277222,277156
277224,277158
277226,277160
277228,277162
279152,279086
281204,281137
283219,283152
283220,283153
285141,285074
285142,285075
285143,285076
285144,285077
286916,286849
286917,286850
286919,286851
288769,288701
288773,288705
288774,288706
288776,288707
288777,288708
288778,288709
290786,290717
292894,292825
292895,292826
292900,292830
292901,292831
294676,294606
294677,294607
294679,294608
296573,296501
296574,296502
298670,298598
298672,298599
300320,300247
300321,300248
302129,302056
302134,302060
303924,303850
303926,303851
305821,305745
307705,307629
309772,309696
311936,311860
313965,313888
316211,316134
316212,316135
316213,316136
316215,316137
316216,316138
318018,317940
319888,319809
319890,319810
321914,321834
321921,321840
321922,321841
321923,321842
321924,321843
321925,321844
321927,321845
323428,323346
323429,323347
323430,323348
323432,323350
325447,325365
327264,327182
327265,327183
329552,329469
329557,329474
329559,329475
329563,329479
329564,329480
331600,331516
331601,331517
331603,331519
333223,333139
335197,335112
335198,335113
336939,336854
338600,338515
340717,340632
342661,342576
342662,342577
342663,342578
342665,342580
344483,344397
346497,346411
346502,346415
346503,346416
348732,348645
348737,348649
348740,348650
350980,350890
352918,352828
354916,354826
354917,354827
357096,357006
357101,357011
357103,357013
357106,357015
357107,357016
357109,357017
358166,358073
358170,358077
360366,360273
360367,360274
362709,362616
362710,362617
362712,362619
362713,362620
364820,364727
364821,364728
364822,364729
366769,366675
366773,366679
366774,366680
366775,366681
368797,368703
368799,368705
368800,368706
368801,368707
368802,368708
370632,370538
372762,372668
372763,372669
372764,372670
374974,374880
374976,374882
376962,376868
378945,378850
378953,378858
378954,378859
381066,380971
383249,383154
385218,385123
385220,385125
387276,387181
389109,389014
389111,389015
389112,389016
389113,389016
389114,389017
389116,389019
389117,389020
389118,389021
391145,391048
391150,391052
393217,393119
393219,393121
395413,395315
395415,395317
395417,395319
395419,395321
395422,395323
397316,397217
399477,399377
399478,399378
401656,401555
401658,401556
403836,403733
405467,405364
407394,407291
407395,407292
409486,409382
411627,411523
413613,413509
415684,415579
415685,415580
417705,417599
417706,417600
417707,417601
417712,417606
417716,417610
417717,417611
419522,419416
419523,419417
421293,421187
421296,421190
423341,423235
425219,425113
427444,427338
427445,427339
429361,429254
429362,429255
431096,430988
431098,430990
433349,433241
433350,433242
433352,433243
435069,434960
437055,436946
437057,436948
437059,436950
439000,438890
440912,440801
440913,440802
442804,442693
442805,442694
444693,444581
444694,444582
444695,444583
444700,444588
444701,444589
446734,446621
446735,446622
446736,446623
448824,448711
448826,448712
448827,448713
448828,448714
450770,450656
450780,450666
450781,450667
450782,450668
452852,452737
452853,452738
452854,452739
452855,452740
452856,452741
452857,452742
452858,452743
452859,452744
454711,454596
454712,454597
454713,454598
454714,454599
454715,454600
456370,456255
458187,458072
458188,458073
460013,459897
460014,459898
462063,461947
462064,461948
462065,461949
464110,463994
466287,466171
468122,468006
468123,468007
468124,468008
468125,468009
470121,470004
470122,470005
470123,470006
472003,471886
472004,471887
472005,471888
472006,471889
473706,473589
475608,475491
475609,475492
475610,475493
477695,477578
479609,479491
479610,479492
479611,479493
481492,481374
481494,481376
481495,481377
483186,483068
483191,483072
483192,483073
483193,483074
483194,483075
485038,484919
485039,484920
485041,484922
486821,486702
486822,486703
486823,486704
486824,486705
486825,486706
488565,488445
488570,488450
490455,490335
490456,490336
492255,492135
492257,492137
494161,494040
494162,494041
496339,496217
496340,496218
496341,496219
498177,498054
500052,499929
502014,501891
503973,503850
503974,503851
503979,503855
503980,503856
505987,505863
507778,507654
507779,507655
507780,507656
509952,509828
512045,511921
514167,514043
516058,515934
516059,515935
516060,515936
517960,517835
517962,517837
517964,517839
517966,517841
519840,519715
519841,519716
519842,519717
519843,519718
521811,521686
523925,523800
525918,525793
527791,527666
527792,527667
527793,527668
527794,527669
529719,529594
529721,529596
529722,529597
529723,529598
531433,531308
533254,533129
535079,534953
535081,534955
535082,534956
536597,536471
538219,538093
538220,538094
538221,538095
539793,539667
539796,539669
539797,539670
539798,539671
539799,539672
539800,539673
539801,539674
539802,539675
539803,539676
541279,541152
541280,541153
541281,541154
541282,541155
541283,541156
541284,541157
542844,542716
542845,542717
542846,542718
542850,542721
542851,542722
544547,544417
546335,546204
546336,546205
548007,547875
549599,549467
549601,549468
549602,549469
549603,549470
551471,551338
551472,551339
551473,551340
551474,551341
553257,553124
553258,553125
553259,553126
555304,555171
557337,557203
558738,558604
561016,560881
562866,562730
565000,564864
565001,564865
565002,564866
565004,564867
566865,566728
566881,566743
568740,568602
570808,570670
570810,570672
570811,570673
572763,572625
574902,574763
574904,574765
574908,574769
574910,574771
576980,576840
578872,578732
578873,578733
580903,580763
580904,580764
582962,582822
582964,582824
582965,582825
582967,582827
584772,584632
584774,584634
586644,586504
586645,586505
588637,588497
590689,590549
590693,590553
592701,592561
594880,594740
596914,596773
598679,598537
598683,598541
598684,598542
598685,598543
600308,600166
600309,600167
602376,602234
602377,602235
604191,604049
606100,605958
606101,605959
608274,608131
608275,608132
610329,610186
610330,610187
610331,610188
610333,610189
610334,610190
610335,610191
610336,610192
610337,610193
610338,610194
610339,610195
612504,612360
614476,614332
614477,614333
614478,614334
616609,616465
616611,616466
618588,618443
620307,620161
622183,622036
622185,622038
622191,622043
622192,622044
624010,623862
624012,623863
625714,625565
625715,625566
627587,627437
627592,627442
627593,627443
627594,627444
629573,629423
631668,631517
631669,631518
633425,633273
633426,633274
633427,633275
633428,633276
633429,633277
635596,635444
635597,635445
637663,637510
639603,639450
641561,641408
641562,641409
643544,643391
643545,643392
645620,645466
647745,647591
647750,647596
649318,649164
651309,651155
651311,651157
651313,651159
653284,653130
653285,653131
653287,653133
655394,655240
655396,655242
657178,657024
657179,657025
657180,657026
659286,659131
659290,659135
659291,659136
659292,659137
661229,661074
661231,661075
663150,662993
663151,662994
663152,662995
663153,662996
665187,665029
665188,665030
665189,665031
667236,667078
667237,667079
667239,667081
667241,667083
667243,667085
667245,667087
667247,667089
667249,667091
667251,667093
669200,669042
670911,670753
672815,672657
672816,672658
674833,674675
674834,674676
676908,676750
678670,678512
678671,678513
680833,680675
680834,680676
682561,682403
682562,682404
682563,682405
684652,684493
684658,684499
686188,686029
686190,686031
686191,686032
686192,686033
686193,686034
688495,688335
688498,688337
690590,690429
690591,690430
690592,690431
692230,692069
694229,694068
694230,694069
694231,694070
694232,694071
694236,694075
694237,694076
696186,696025
696187,696026
696188,696027
697996,697835
699933,699772
701773,701612
701774,701613
701775,701614
703471,703310
705428,705267
707104,706942
707106,706944
707108,706946
707110,706948
708988,708826
711195,711033
711196,711034
713290,713128
715244,715082
717171,717009
717172,717010
717174,717012
717176,717014
717180,717018
717182,717019
717183,717020
719322,719159
721323,721160
721324,721161
721326,721162
723063,722899
723064,722900
723065,722901
725307,725143
725308,725144
727079,726915
727081,726917
728735,728570
730677,730512
732536,732371
732537,732372
734434,734269
734435,734270
736420,736255
738232,738067
740548,740382
740550,740384
742479,742313
742480,742314
742481,742315
744452,744286
744453,744287
744455,744289
744456,744290
744457,744291
746335,746169
746336,746170
746337,746171
748221,748055
748222,748056
750459,750292
752324,752157
754336,754169
754337,754170
754338,754171
754339,754172
754340,754173
754341,754174
756361,756194
758299,758132
758302,758134
758304,758136
760291,760123
760296,760128
761924,761756
761925,761757
761926,761758
763922,763754
765422,765254
767578,767410
769827,769659
771979,771811
774039,773871
774040,773872
774041,773873
776046,775878
776048,775880
776049,775881
776050,775882
778060,777891
780166,779997
780167,779998
780168,779999
780169,780000
780170,780001
780172,780003
781860,781690
781862,781692
781864,781694
783834,783663
783837,783665
783839,783667
783841,783669
785782,785610
785783,785611
785784,785612
785786,785614
785788,785616
787507,787335
789624,789452
791441,791269
791442,791270
791444,791272
793212,793039
793213,793040
793214,793041
793215,793042
795068,794895
795070,794897
796984,796811
796986,796813
798987,798814
798988,798815
801004,800831
802861,802688
804871,804698
804872,804699
804873,804700
804874,804701
804876,804703
804878,804705
806956,806783
808838,808665
808840,808667
810894,810721
810895,810722
810896,810723
812884,812711
812885,812712
812886,812713
812888,812714
812893,812718
812894,812719
812896,812721
814849,814674
814850,814675
814851,814676
814852,814677
814853,814678
816715,816540
816716,816541
816717,816542
818159,817984
819991,819816
819993,819818
819994,819819
819996,819820
819997,819821
821878,821702
823859,823683
823860,823684
825609,825433
825610,825434
827543,827367
827544,827368
827545,827369
827546,827370
829454,829278
831167,830991
831168,830992
831169,830993
831170,830994
831171,830994
831172,830995
831173,830996
833336,833159
833337,833160
835283,835105
837321,837143
837322,837144
837324,837146
839076,838897
839077,838898
839078,838899
839079,838900
840909,840730
842676,842497
842677,842498
842678,842499
844544,844365
846553,846374
846558,846379
848023,847844
848024,847845
848028,847849
848032,847853
848033,847854
848034,847855
848035,847856
848036,847857
850109,849930
850110,849931
850111,849932
850112,849933
850113,849934
852106,851926
852108,851927
852109,851928
852110,851929
853967,853786
853968,853787
855797,855615
855799,855617
855800,855618
855801,855619
855802,855619
855808,855624
857670,857486
859510,859325
859512,859327
859513,859328
859515,859329
859517,859331
859518,859332
859519,859333
859520,859334
859522,859336
859524,859338
861431,861245
863122,862936
864707,864520
866664,866477
866667,866479
868470,868282
870609,870421
870610,870422
872527,872338
872530,872340
874182,873992
874183,873993
876311,876121
878311,878121
878313,878122
878318,878126
878319,878127
878320,878128
880563,880370
882629,882436
884518,884325
884519,884326
884520,884327
884522,884329
884524,884331
884526,884333
886386,886193
886387,886194
886388,886195
886390,886197
886391,886198
886393,886199
886394,886200
888457,888262
890387,890192
890388,890193
890406,890211
892496,892300
894326,894130
894328,894131
894329,894132
896083,895886
897995,897798
897996,897799
897997,897800
897998,897801
899573,899375
899574,899376
901640,901442
903515,903317
905469,905271
905470,905272
907356,907158
907357,907159
909436,909237
911523,911324
911524,911325
913589,913390
915760,915561
917661,917461
917663,917463
919655,919455
919657,919456
919659,919458
919660,919459
919661,919460
921586,921385
922990,922789
925002,924800
926950,926747
926951,926748
929113,928909
931236,931031
931237,931032
931238,931033
931243,931038
931244,931039
931245,931040
933209,933004
933210,933005
933211,933006
933212,933007
934706,934501
937036,936830
939053,938847
939055,938849
939056,938850
939057,938851
939058,938852
939059,938853
939060,938854
940982,940775
940984,940777
940986,940779
940988,940781
940990,940783
940992,940785
940994,940787
940996,940789
940998,940791
942874,942666
944625,944416
946408,946198
946409,946199
946412,946201
948189,947978
948194,947982
948195,947983
948196,947984
950198,949986
950199,949987
951978,951766
953839,953627
953840,953628
955885,955673
955886,955674
955890,955675
955891,955676
955892,955677
955897,955681
957647,957431
959400,959183
961344,961127
961345,961128
961346,961129
961347,961130
961348,961131
963147,962930
964708,964490
966692,966474
966693,966475
966695,966477
968885,968667
970651,970433
970652,970434
970653,970435
970658,970440
972762,972544
972763,972545
972764,972546
972765,972547
974814,974595
974816,974597
974818,974599
976779,976560
976780,976561
978902,978683
978904,978685
978906,978687
980927,980708
982539,982319
982541,982321
982543,982323
982545,982325
983941,983720
983943,983722
983944,983723
985679,985458
987732,987510
987734,987512
987735,987513
989842,989620
989844,989622
989847,989624
989849,989626
991801,991577
993964,993739
996077,995852
997942,997717
997943,997718
999827,999602
999828,999603
999829,999604
999830,999605
999831,999606
999832,999607
1001938,1001713
1001939,1001714
1003864,1003639
1005677,1005452
1007478,1007253
1007479,1007254
1009482,1009257
1009483,1009258
1011543,1011318
1011544,1011319
1011545,1011320
1011546,1011321
1011547,1011322
1013541,1013316
1013543,1013318
1013544,1013319
1015788,1015563
1015789,1015564
1017640,1017415
1017641,1017416
1017642,1017417
1017643,1017418
1017644,1017419
1019276,1019051
1019277,1019052
1021173,1020947
1023268,1023042
1023276,1023050
1023278,1023052
1025416,1025190
1027004,1026777
1027013,1026786
1027015,1026788
1029072,1028844
1029073,1028845
1029074,1028846
1029075,1028847
1029076,1028848
1031045,1030817
1032853,1032625
1032855,1032627
1032860,1032631
1032861,1032632
1034739,1034509
1034740,1034510
1034741,1034511
1036788,1036558
1038432,1038202
1038433,1038203
1038434,1038204
1040428,1040198
1040429,1040199
1040430,1040200
1040431,1040201
1040432,1040202
1042557,1042327
1042558,1042328
1044518,1044287
1046410,1046179
1046411,1046180
1048139,1047907
1048140,1047908
1050025,1049793
1051933,1051700
1054014,1053781
1054018,1053785
1054019,1053786
1054020,1053787
1056120,1055887
1058151,1057917
1058152,1057918
1060170,1059936
1062253,1062019
1062254,1062020
1062256,1062022
1062258,1062024
1062260,1062026
1064419,1064184
1066523,1066288
1066525,1066290
1068362,1068126
1068364,1068127
1068366,1068128
1068368,1068130
1068373,1068134
1068374,1068135
1068375,1068136
1068381,1068141
1070363,1070123
1071814,1071574
1073597,1073357
1075443,1075203
1077339,1077098
1078904,1078662
1078905,1078663
1080635,1080393
1080636,1080394
1080637,1080395
1080638,1080396
1080639,1080397
1082222,1081980
1083916,1083674
1083917,1083675
1085575,1085333
1085576,1085334
1085577,1085335
1085578,1085336
1087422,1087180
1087423,1087181
1087425,1087183
1089390,1089148
1089391,1089149
1091028,1090786
1092447,1092205
1092448,1092206
1092450,1092207
1092451,1092208
1092452,1092209
1092453,1092210
1092454,1092211
1092455,1092212
1094217,1093973
1094219,1093975
1094221,1093977
1094223,1093979
1096214,1095970
1096215,1095971
1098160,1097916
1098162,1097918
1098164,1097920
1098165,1097921
1099887,1099643
1101465,1101221
1101467,1101222
1103205,1102960
1105116,1104871
1107143,1106898
1107147,1106902
1107148,1106903
1107149,1106904
1107150,1106905
1109329,1109084
1111526,1111281
1111528,1111283
1111530,1111285
1111532,1111287
1111534,1111289
1113431,1113186
1115610,1115365
1115611,1115366
1117763,1117518
1117768,1117523
1119662,1119417
1119663,1119418
1119664,1119419
1121530,1121284
1121532,1121286
1121536,1121290
1121540,1121294
1123241,1122994
1123242,1122995
1123243,1122996
1123244,1122997
1123245,1122998
1123246,1122999
1123247,1123000
1123248,1123001
1124534,1124287
1124536,1124289
1126435,1126188
1128397,1128149
1128398,1128150
1128399,1128151
1128400,1128152
1128401,1128153
1128403,1128155
1130379,1130131
1132269,1132020
1134349,1134100
1134350,1134101
1134351,1134102
1136279,1136030
1138238,1137989
1138240,1137991
1140163,1139914
1142113,1141863
1142114,1141864
1144212,1143962
1144213,1143963
1146164,1145914
1146165,1145915
1146166,1145916
1146167,1145917
1148187,1147937
1148188,1147938
1150227,1149977
1152251,1152000
1152252,1152001
1154093,1153842
1154094,1153843
1155923,1155672
1155924,1155673
1157753,1157501
1157754,1157502
1157755,1157503
1157757,1157505
1157758,1157506
1157759,1157507
1160035,1159783
1161926,1161673
1163875,1163622
1163877,1163624
1163879,1163626
1163881,1163628
1166036,1165783
1166037,1165784
1166038,1165785
1166039,1165786
1167947,1167693
1167950,1167695
1169966,1169711
1172016,1171761
1174017,1173762
1176018,1175763
1176019,1175764
1176021,1175765
1176022,1175766
1176023,1175767
1176024,1175768
1178129,1177873
1180055,1179799
1180056,1179800
1180057,1179801
1182005,1181748
1182006,1181749
1183893,1183635
1186067,1185809
1186069,1185811
1188250,1187992
1188252,1187994
1190073,1189815
1191762,1191504
1191763,1191505
1191768,1191510
1191770,1191512
1191774,1191516
1191775,1191517
1193521,1193263
1193522,1193264
1193523,1193265
1195676,1195418
1195677,1195419
1195678,1195420
1197373,1197115
1197374,1197116
1199329,1199071
1199330,1199072
1199331,1199073
1199333,1199074
1201188,1200929
1201189,1200930
1201190,1200931
1201191,1200932
1201192,1200933
1203351,1203092
1205460,1205200
1207394,1207133
1209571,1209310
1209572,1209311
1211260,1210999
1213155,1212894
1215092,1214831
1217240,1216979
1219409,1219148
1219410,1219149
1219422,1219161
1219426,1219165
1219427,1219166
1219428,1219167
1219429,1219168
1219430,1219169
1219435,1219173
1219436,1219174
1221298,1221036
1221301,1221038
1223355,1223092
1223360,1223097
1225177,1224914
1225182,1224918
1225183,1224919
1225184,1224920
1226898,1226634
1226900,1226636
1228778,1228514
1230806,1230541
1232978,1232713
1232979,1232714
1235061,1234796
1237219,1236954
1239365,1239100
1239366,1239101
1239367,1239102
1239368,1239103
1239369,1239104
1239370,1239105
1239371,1239106
1239372,1239107
1241531,1241266
1241533,1241267
1241535,1241269
1243241,1242975
1243242,1242976
1243243,1242977
1243245,1242978
1243246,1242979
1243247,1242980
1243248,1242981
1245145,1244878
1246938,1246671
1246940,1246672
1248758,1248490
1248760,1248492
1248761,1248493
1250780,1250512
1250781,1250513
1252634,1252366
1254561,1254293
1256609,1256341
1258726,1258458
1258728,1258460
1258729,1258461
1258730,1258462
1258731,1258463
1258733,1258464
1258738,1258468
1258739,1258469
1258741,1258471
1260988,1260718
1262482,1262212
1262483,1262213
1262484,1262214
1264588,1264317
1266558,1266287
1266560,1266288
1268473,1268201
1268475,1268203
1268476,1268204
1268477,1268205
1268478,1268206
1268479,1268207
1268480,1268208
1268482,1268210
1268483,1268211
1270397,1270125
1272391,1272118
1272392,1272119
1272393,1272120
1272394,1272121
1272395,1272122
1272396,1272123
1274410,1274137
1274411,1274138
1274412,1274139
1274413,1274140
1276431,1276158
1276433,1276160
1276435,1276162
1278250,1277977
1280183,1279909
1280185,1279910
1280186,1279911
1280187,1279912
1280188,1279913
1280189,1279914
1282236,1281961
1284171,1283896
1284172,1283897
1284174,1283899
1284176,1283901
1284177,1283902
1285949,1285674
1285951,1285676
1285952,1285677
1285953,1285678
1285954,1285679
1285955,1285680
1285956,1285681
1285958,1285682
1285959,1285683
1285960,1285684
1287544,1287268
1287546,1287269
1287548,1287271
1287550,1287273
1287555,1287278
1287557,1287280
1289171,1288894
1289176,1288899
1291406,1291129
1291407,1291130
1291408,1291131
1293264,1292987
1294911,1294634
1294912,1294635
1294913,1294636
1294926,1294649
1294931,1294653
1294934,1294656
1294936,1294658
1294938,1294659
1294940,1294660
1296821,1296541
1296823,1296543
1296824,1296544
1296825,1296545
1296826,1296546
1296828,1296548
1298810,1298529
1298813,1298532
1298815,1298534
1300760,1300479
1300762,1300481
1302679,1302397
1302681,1302399
1302683,1302401
1302685,1302403
1302687,1302405
1302689,1302407
1304633,1304351
1306597,1306315
1306599,1306316
1306600,1306317
1306602,1306319
1306604,1306321
1308690,1308407
1308691,1308408
1310555,1310272
1310557,1310273
1310559,1310275
1310562,1310277
1310563,1310278
1312312,1312027
1312313,1312028
1314124,1313839
1314125,1313840
1314126,1313841
1315931,1315646
1315932,1315647
1318017,1317732
1318018,1317733
1320080,1319795
1321663,1321378
1323743,1323458
1325775,1325490
1325776,1325491
1325777,1325492
1325778,1325493
1325779,1325494
1325780,1325495
1327793,1327508
1329633,1329348
1331719,1331434
1331720,1331435
1331721,1331435
1331722,1331436
1333806,1333520
1335459,1335173
1335461,1335175
1337208,1336922
1337210,1336924
1337211,1336925
1337212,1336926
1337213,1336927
1337219,1336932
1337221,1336934
1339117,1338830
1341396,1341109
1341397,1341110
1343408,1343121
1343409,1343122
1344797,1344510
1344799,1344511
1344800,1344511
1344801,1344512
1344803,1344513
1346579,1346289
1346581,1346291
1346583,1346293
1348597,1348307
1350531,1350241
1350533,1350243
1350535,1350245
1352532,1352242
1354435,1354145
1354437,1354147
1354439,1354149
1356226,1355936
1358238,1357947
1358239,1357948
1358240,1357949
1358241,1357950
1358242,1357951
1358243,1357952
1358244,1357953
1358245,1357954
1358246,1357955
1358247,1357956
1358248,1357957
1359860,1359569
1359861,1359570
1359862,1359571
1361605,1361314
1361608,1361317
1363619,1363328
1365712,1365421
1367770,1367479
1369715,1369424
1371264,1370972
1372976,1372684
1372977,1372685
1375354,1375062
1375355,1375063
1375356,1375064
1377605,1377313
1377606,1377314
1379673,1379381
1379675,1379383
1379677,1379385
1381655,1381363
1381657,1381364
1381659,1381366
1381661,1381368
1383454,1383160
1385616,1385322
1385617,1385323
1387564,1387270
1387566,1387272
1387569,1387274
1389537,1389241
1389540,1389244
1389541,1389245
1391421,1391125
1393440,1393144
1393442,1393146
1393447,1393150
1393449,1393151
1393450,1393152
1395602,1395303
1395603,1395304
1395604,1395305
1395609,1395309
1395610,1395310
1397225,1396925
1397227,1396927
1399210,1398910
1401041,1400741
1401042,1400742
1401043,1400743
1401044,1400743
1403050,1402749
1403052,1402750
1404949,1404647
1404951,1404649
1404953,1404651
1404955,1404653
1404956,1404654
1404957,1404655
1406679,1406377
1406681,1406379
1408699,1408397
1408700,1408398
1408703,1408400
1410546,1410243
1410547,1410244
1410548,1410245
1410549,1410246
1410551,1410248
1412661,1412358
1412663,1412360
1414523,1414219
1414524,1414220
1414525,1414221
1414526,1414222
1414530,1414226
1414531,1414227
1414533,1414228
1416100,1415795
1417972,1417666
1419898,1419592
1421826,1421519
1421831,1421524
1423724,1423416
1423726,1423418
1425198,1424890
1427020,1426712
1429028,1428720
1429029,1428721
1429030,1428722
1429031,1428723
1431111,1430803
1433206,1432898
1435451,1435142
1437605,1437296
1437607,1437297
1437608,1437298
1437610,1437300
1437611,1437301
1439693,1439383
1439694,1439384
1441919,1441608
1441930,1441618
1441931,1441619
1441932,1441620
1441933,1441621
1443319,1443007
1445578,1445266
1445579,1445267
1445580,1445268
1447897,1447585
1447898,1447586
1447899,1447587
1449627,1449314
1449629,1449316
1451793,1451479
1451795,1451481
1453928,1453614
1455687,1455372
1455696,1455381
1455697,1455382
1457458,1457142
1457459,1457143
1459187,1458871
1459188,1458872
1461187,1460871
1461188,1460872
1461189,1460873
1461190,1460874
1461191,1460875
1461192,1460876
1463608,1463292
1465792,1465476
1465794,1465478
1465796,1465480
1465798,1465482
1465800,1465484
1467500,1467184
1467504,1467188
1467506,1467190
1469324,1469008
1471449,1471133
1473428,1473112
1473431,1473114
1475220,1474903
1475221,1474904
1477491,1477174
1479775,1479458
1479776,1479459
1481728,1481410
1481730,1481412
1484074,1483756
1484089,1483771
1486328,1486010
1488735,1488417
1490658,1490340
1492554,1492236
1494609,1494291
1494611,1494293
1496561,1496243
1496563,1496245
1498697,1498379
1498698,1498380
1500487,1500169
1500488,1500170
1500489,1500171
1500490,1500172
1500491,1500173
1500495,1500177
1500496,1500178
1500497,1500179
1500498,1500180
1500499,1500181
1500500,1500182
1500501,1500183
1502521,1502202
1502522,1502203
1504625,1504306
1504626,1504307
1504627,1504308
1504629,1504310
1506643,1506324
1506645,1506326
1506647,1506328
1508541,1508222
1510504,1510184
1510506,1510185
1512402,1512081
1512403,1512082
1514457,1514136
1516166,1515845
1517894,1517573
1519645,1519324
1519647,1519326
1519649,1519328
1519651,1519330
1519653,1519332
1521849,1521527
1523895,1523573
1523900,1523578
1523901,1523579
1526066,1525744
1528479,1528156
1528480,1528157
1530668,1530344
1530673,1530349
1532786,1532461
1532788,1532463
1532789,1532464
1532790,1532465
1532791,1532466
1532792,1532467
1534606,1534281
1534607,1534282
1536510,1536185
1536512,1536186
1536513,1536187
1536514,1536187
1536515,1536188
1536516,1536189
1536517,1536190
1536518,1536190
1536519,1536191
1536520,1536192
1536520,1536192
1536522,1536193
1536523,1536194
1537683,1537354
1537684,1537355
1539665,1539336
1539666,1539337
1539668,1539339
1541321,1540991
1541322,1540992
1541323,1540993
1541324,1540994
1541325,1540995
1541326,1540996
1543090,1542760
1543091,1542761
1543093,1542762
1543094,1542763
1543095,1542764
1543096,1542765
1545008,1544677
1546802,1546471
1548862,1548531
1550807,1550476
1550808,1550477
1552846,1552515
1554803,1554471
1554804,1554472
1554805,1554473
1554806,1554474
1554807,1554475
1554808,1554476
1556630,1556298
1558594,1558262
1558596,1558263
1558597,1558264
1558598,1558265
1558599,1558266
1558600,1558267
1558601,1558268
1560609,1560276
1560610,1560277
1560611,1560278
1562480,1562147
1564448,1564114
1566212,1565877
1566213,1565878
1568068,1567732
1568069,1567733
1570001,1569665
1570002,1569666
1570003,1569667
1570004,1569668
1570005,1569669
1572046,1571709
1572047,1571710
1574024,1573686
1576018,1575680
1576019,1575681
1576023,1575685
1576024,1575686
1576028,1575690
1576032,1575694
1576033,1575695
1576035,1575696
1576039,1575700
1576040,1575701
1576041,1575702
1576042,1575703
1576046,1575707
1576047,1575708
1577665,1577326
1577666,1577327
1579589,1579249
1579590,1579250
1579591,1579251
1579592,1579252
1581162,1580821
1582897,1582555
1584682,1584340
1584683,1584341
1584684,1584342
1584685,1584343
1584686,1584344
1584687,1584345
1586495,1586152
1586496,1586153
1588532,1588188
1590621,1590276
1590622,1590277
1592408,1592063
1594512,1594166
1594513,1594167
1594514,1594168
1594515,1594169
1596134,1595788
1597931,1597585
1600026,1599680
1600027,1599681
1600028,1599682
1600029,1599683
1600033,1599687
1600034,1599688
1600035,1599689
1600040,1599693
1600041,1599694
1602008,1601660
1603880,1603532
1605891,1605543
1605892,1605544
1607823,1607475
1609840,1609492
1609841,1609493
1609843,1609495
1609844,1609496
1609845,1609497
1609846,1609498
1609847,1609499
1611773,1611425
1611774,1611426
1611775,1611427
1611776,1611428
1611777,1611429
1613758,1613410
1615715,1615367
1617893,1617545
1617895,1617547
1620034,1619686
1620035,1619687
1620036,1619688
1620037,1619689
1621779,1621431
1621781,1621433
1623471,1623123
1625374,1625025
1625376,1625026
1627085,1626735
1627086,1626736
1627087,1626737
1627088,1626738
1627089,1626739
1627091,1626741
1628917,1628567
1630713,1630363
1630714,1630364
1630715,1630365
1630720,1630370
1630721,1630371
1630722,1630372
1630724,1630373
1630729,1630377
1630730,1630378
1630731,1630379
1632565,1632213
1632566,1632214
1632567,1632215
1632568,1632216
1634414,1634062
1634415,1634063
1636497,1636144
1638431,1638078
1638432,1638079
1638433,1638080
1638434,1638081
1638435,1638082
1638436,1638083
1638438,1638085
1640156,1639803
1642164,1641811
1642172,1641819
1642173,1641820
1642175,1641822
1642177,1641824
1642178,1641825
1642179,1641826
1644129,1643776
1644130,1643777
1644131,1643778
1645837,1645484
1645838,1645485
1645840,1645487
1645841,1645488
1645842,1645489
1645843,1645490
1645844,1645491
1645845,1645492
1645846,1645493
1645847,1645494
1645848,1645495
1647797,1647443
1647798,1647444
1649640,1649286
1649641,1649287
1651483,1651129
1653470,1653115
1653471,1653116
1655237,1654882
1655245,1654890
1657340,1656985
1657341,1656986
1659289,1658934
1659290,1658935
1661437,1661082
1663496,1663140
1663497,1663141
1665463,1665107
1667400,1667044
1669417,1669061
1671346,1670990
1673442,1673085
1673443,1673086
1675370,1675013
1675371,1675014
1675372,1675015
1675373,1675015
1675374,1675016
1675376,1675017
1676657,1676298
1676658,1676299
1678607,1678247
1680399,1680039
1680400,1680040
1680403,1680042
1682111,1681750
1683786,1683425
1683787,1683426
1683788,1683427
1683789,1683428
1683790,1683429
1685529,1685168
1685530,1685169
1687341,1686979
1689158,1688796
1690829,1690467
1692699,1692337
1692701,1692339
1692702,1692340
1694225,1693863
1694229,1693867
1694230,1693868
1694231,1693869
1694233,1693871
1694235,1693873
1694237,1693875
1694239,1693877
1695616,1695253
1695617,1695254
1697230,1696867
1699305,1698941
1699306,1698942
1701375,1701011
1701376,1701012
1701377,1701013
1701378,1701014
1703084,1702720
1703085,1702721
1703086,1702722
1705079,1704715
1706974,1706609
1708853,1708488
1710704,1710338
1712517,1712151
1712522,1712155
1714330,1713963
1714331,1713964
1714332,1713965
1715809,1715442
1715810,1715443
1717510,1717143
1717511,1717144
1717513,1717146
1717514,1717147
1717515,1717148
1717516,1717149
1717517,1717150
1719394,1719027
1719395,1719028
1721203,1720835
1721204,1720836
1722836,1722467
1722837,1722468
1722838,1722469
1722839,1722470
1722840,1722471
1722841,1722472
1722842,1722473
1724358,1723988
1724359,1723989
1724360,1723990
1724361,1723991
1725828,1725458
1725829,1725459
1725830,1725459
1725831,1725460
1727414,1727043
1727415,1727044
1727416,1727045
1727417,1727046
1727418,1727047
1729070,1728698
1729071,1728699
1729072,1728700
1730388,1730015
1730389,1730016
1731844,1731470
1731845,1731471
1733638,1733264
1733639,1733265
1735167,1734793
1736867,1736492
1738641,1738266
1740515,1740140
1740516,1740141
1742395,1742020
1744273,1743898
1744274,1743899
1744275,1743900
1744276,1743901
1746070,1745695
1746072,1745697
1746073,1745698
1746074,1745699
1746076,1745700
1746077,1745701
1746078,1745702
1746079,1745703
1747676,1747300
1747677,1747301
1749356,1748980
1749357,1748981
1751078,1750702
1752863,1752486
1754492,1754115
1754494,1754117
1756227,1755850
1758134,1757756
1759867,1759489
1761334,1760956
1761335,1760957
1762995,1762617
1762996,1762618
1764637,1764259
1766361,1765983
1766362,1765984
1767930,1767552
1767931,1767553
1767933,1767554
1767935,1767555
1769457,1769077
1771057,1770677
1771059,1770679
1771061,1770681
1772913,1772533
1772914,1772534
1774580,1774199
1774581,1774200
1776535,1776154
1776536,1776155
1777871,1777490
1777872,1777491
1777873,1777492
1779883,1779502
1781617,1781235
1783235,1782853
1783237,1782855
1783238,1782856
1783239,1782857
1783240,1782858
1783241,1782859
1783242,1782860
1785041,1784659
1786352,1785970
1788034,1787652
1789673,1789291
1789675,1789292
1789676,1789293
1789677,1789294
1789678,1789295
1791483,1791100
1791484,1791101
1791485,1791102
1791487,1791104
1792801,1792418
1792802,1792419
1794552,1794169
1796175,1795792
1796176,1795793
1796177,1795794
1796178,1795795
1798078,1797695
1800018,1799634
1800019,1799635
1800020,1799636
1800021,1799637
1800023,1799638
1800024,1799639
1800026,1799640
1801589,1801203
1803363,1802976
1805057,1804670
1805058,1804671
1806603,1806216
1806604,1806217
1806605,1806218
1806606,1806219
1806607,1806220
1808422,1808035
1810237,1809849
1810238,1809850
1812020,1811632
1813606,1813217
1813607,1813218
1813608,1813219
1813609,1813220
1815118,1814728
1815119,1814729
1815121,1814731
1816931,1816540
1816932,1816541
1816933,1816542
1816934,1816543
1818501,1818110
1818502,1818111
1818503,1818112
1818504,1818113
1818505,1818114
1820376,1819984
1822360,1821967
1822361,1821968
1822362,1821969
1822363,1821970
1822364,1821971
1822365,1821972
1823608,1823215
1823609,1823216
1824932,1824539
1824933,1824540
1826715,1826322
1826716,1826323
1828452,1828059
1828454,1828061
1828455,1828062
1830174,1829781
1830176,1829782
1830177,1829783
1831943,1831549
1831944,1831550
1831945,1831551
1833662,1833268
1833663,1833269
1833664,1833270
1833665,1833271
1833666,1833272
1835309,1834914
1835314,1834918
1835315,1834919
1835320,1834923
1836846,1836449
1838615,1838217
1840489,1840091
1840490,1840092
1841893,1841495
1841894,1841496
1843860,1843462
1845687,1845289
1847589,1847191
1847590,1847192
1847591,1847193
1849364,1848965
1851212,1850813
1853063,1852664
1853065,1852666
1853066,1852667
1853068,1852668
1853070,1852670
1853072,1852672
1853074,1852674
1854682,1854281
1854683,1854282
1854684,1854283
1856457,1856056
1857904,1857503
1857909,1857507
1859660,1859258
1861292,1860890
1861293,1860891
1861294,1860892
1863071,1862669
1864827,1864425
1866519,1866117
1866531,1866129
1866532,1866130
1868309,1867906
1868310,1867907
1868312,1867909
1870022,1869619
1871837,1871433
1871842,1871437
1871843,1871438
1871844,1871439
1871845,1871440
1873556,1873151
1873557,1873152
1875238,1874833
1876739,1876334
1876741,1876335
1876746,1876340
1878468,1878062
1878473,1878066
1880193,1879786
1880194,1879787
1880196,1879789
1881796,1881388
1883653,1883245
1885418,1885010
1887334,1886926
1887336,1886927
1887341,1886932
1887342,1886933
1889218,1888809
1889219,1888810
1889220,1888811
1890655,1890246
1891896,1891487
1891897,1891488
1891902,1891492
1893006,1892596
1894405,1893995
1894406,1893996
1895929,1895519
1897441,1897031
1899035,1898625
1899036,1898626
1900756,1900345
1900757,1900346
1902563,1902152
1904070,1903659
1905681,1905270
1905682,1905271
1907065,1906653
1908397,1907985
1908399,1907987
1909967,1909554
1911697,1911284
1913054,1912641
1913055,1912642
1914481,1914068
1914482,1914069
1915911,1915498
1915912,1915499
1915913,1915500
1916833,1916420
1917680,1917267
1917682,1917268
1917684,1917270
1918718,1918304
1919913,1919499
1919914,1919500
1920954,1920540
1922214,1921800
1923170,1922756
1923171,1922757
1923172,1922758
1924172,1923757
1924173,1923758
1924174,1923759
1924175,1923760
1925048,1924633
1926083,1925668
1926084,1925669
1927007,1926592
1927784,1927369
1927786,1927370
1927787,1927371
1927788,1927372
1928555,1928138
1929320,1928903
1930074,1929656
1930075,1929657
1930076,1929658
1930828,1930410
1931599,1931181
1932366,1931947
1932371,1931951
1933140,1932720
1933141,1932721
1933881,1933460
1934627,1934206
1934628,1934207
