2,1
4,2
6,4
9,7
13,10
16,12
18,14
19,15
20,16
22,17
1308,1303
2475,2469
4090,4084
4092,4085
5728,5721
5730,5723
5732,5724
5735,5726
7590,7581
9283,9274
9286,9276
9288,9278
9290,9279
9291,9280
9305,9294
9320,9308
10954,10942
12901,12889
12903,12890
12904,12891
12905,12892
12907,12893
14988,14974
14989,14975
14991,14976
14992,14977
16743,16728
16745,16729
16747,16730
16749,16732
18751,18733
18754,18736
18757,18739
20919,20901
20921,20903
20922,20904
22363,22345
24135,24116
24137,24118
24139,24120
24141,24122
24144,24125
24146,24127
24148,24129
24149,24130
24151,24132
25797,25778
27642,27623
29354,29335
29356,29337
31410,31391
31412,31393
33572,33552
33574,33553
35775,35754
35777,35756
37573,37552
37575,37553
37577,37555
37593,37571
39595,39572
41349,41325
43573,43548
45577,45552
47524,47499
47526,47501
47528,47503
47530,47504
47532,47505
49561,49534
49563,49536
49564,49537
52019,51991
52020,51992
52021,51993
53694,53665
53716,53686
53718,53688
53720,53690
55656,55626
55657,55627
57968,57937
57970,57938
57971,57939
57973,57941
57975,57942
59916,59883
59917,59884
61662,61628
63662,63628
65748,65714
65750,65716
67633,67598
69638,69603
71715,71680
71716,71681
71718,71682
71720,71683
71721,71684
73838,73801
73839,73802
73841,73803
75893,75854
77863,77823
77865,77825
77866,77826
79900,79860
81789,81749
81791,81751
81792,81752
81795,81754
81798,81757
81799,81758
81801,81760
81803,81762
81805,81764
81808,81767
81810,81768
83747,83705
83751,83709
83752,83710
85626,85584
85627,85585
85629,85586
87435,87392
87436,87393
87437,87394
87438,87395
89320,89277
90968,90925
90969,90926
90970,90927
90972,90929
92736,92693
92737,92694
94620,94576
96796,96751
98340,98295
100347,100301
100348,100302
100349,100303
100350,100304
102539,102492
104428,104381
106564,106517
106565,106518
108518,108470
110700,110651
110706,110656
110708,110657
110709,110658
112542,112491
112543,112492
112551,112499
112557,112505
112562,112510
112563,112511
112569,112517
112570,112518
114546,114494
114547,114495
114548,114496
114550,114497
114551,114498
116131,116077
116133,116078
116135,116079
116137,116081
116138,116082
116140,116083
116141,116084
116142,116085
116145,116088
116146,116089
116147,116090
117703,117646
119334,119276
119335,119277
119336,119278
120768,120709
120769,120710
120770,120711
120771,120712
120773,120713
120774,120714
122237,122176
122239,122178
122240,122179
122241,122180
122242,122181
122244,122183
122245,122184
124092,124031
124099,124038
125885,125824
125886,125825
125888,125827
127884,127823
129875,129814
129877,129816
131914,131853
133869,133807
133877,133815
135834,135772
135836,135773
137836,137773
137838,137775
137840,137776
137841,137777
137845,137781
137846,137782
137847,137783
137848,137784
137849,137785
139800,139735
139803,139738
141331,141266
142995,142930
144825,144760
146748,146683
146751,146685
148761,148695
148763,148697
150808,150742
152860,152793
154902,154834
154903,154835
156911,156842
156912,156843
159038,158969
159039,158970
159040,158971
161013,160943
161014,160944
161015,160945
161016,160946
161017,160947
162938,162867
162940,162868
164770,164698
164771,164699
166540,166468
168280,168208
168282,168209
168284,168211
168285,168212
170412,170339
172439,172365
172440,172366
174650,174576
174651,174577
174654,174580
174656,174582
174658,174584
177020,176946
177024,176950
177025,176951
177026,176952
178766,178692
178767,178693
180430,180355
180432,180356
180434,180358
180435,180359
180436,180360
182449,182373
182450,182374
184229,184152
184230,184153
184231,184154
184233,184155
184234,184156
185887,185809
185888,185810
185890,185811
185891,185812
187497,187418
187504,187425
187505,187426
187506,187427
187507,187428
187508,187429
187510,187431
187513,187434
189011,188932
189013,188934
189015,188936
189022,188943
189023,188944
189025,188945
189026,188946
189032,188952
189033,188953
190967,190886
190971,190890
192949,192868
195023,194941
196396,196314
196398,196315
196400,196317
198769,198686
200810,200727
203098,203015
205240,205157
205243,205160
207471,207388
209571,209488
209572,209489
209573,209490
211773,211690
211774,211691
211776,211693
211778,211694
213727,213643
215948,215864
218247,218163
218249,218165
218250,218166
218251,218167
218253,218169
220480,220395
222782,222697
224986,224901
227234,227148
229490,229404
231809,231723
231811,231724
231813,231726
231814,231727
234166,234078
234167,234079
236466,236378
236467,236379
238077,237988
238078,237989
238079,237990
238080,237991
238081,237992
240011,239922
240012,239923
240014,239924
241755,241664
243663,243572
243665,243574
243670,243579
243671,243580
243677,243586
245750,245658
247806,247714
247807,247715
249573,249480
251546,251453
253642,253548
253643,253549
253644,253550
255455,255361
255456,255362
255457,255363
255458,255364
257399,257305
259394,259300
259395,259301
261078,260983
261080,260985
263099,263003
263113,263017
265124,265028
267007,266911
267010,266913
269008,268911
269011,268913
270873,270774
270874,270775
273167,273068
275492,275393
277814,277714
279396,279296
279397,279297
279400,279299
279401,279300
279404,279303
279405,279304
281268,281167
281270,281169
281271,281170
283086,282980
285098,284992
287006,286900
288888,288782
290937,290831
290938,290832
290939,290833
290940,290834
290941,290835
292798,292692
294658,294552
294660,294554
294661,294555
296637,296531
296638,296532
296639,296533
296640,296534
296641,296535
296642,296536
296644,296537
296646,296539
298532,298424
298533,298425
298534,298426
298535,298427
298541,298433
300096,299987
301961,301852
303833,303724
303836,303726
305748,305638
307806,307696
309801,309691
311951,311841
311953,311843
313778,313667
316143,316032
316145,316034
316148,316036
316150,316038
318062,317949
318064,317951
320461,320348
320462,320349
320463,320350
320464,320351
320465,320352
320466,320353
320468,320354
320470,320355
320472,320356
322164,322047
324149,324031
326191,326073
327657,327539
329580,329461
331461,331342
331464,331345
331469,331350
331476,331357
331505,331386
331528,331409
331529,331410
331530,331411
333057,332937
333066,332946
333067,332947
335208,335088
337398,337277
339729,339607
341451,341328
343323,343200
343324,343201
343325,343202
345106,344983
345108,344984
346689,346565
346695,346571
346696,346572
348797,348673
348802,348678
348803,348679
350929,350805
353085,352961
355356,355232
355360,355236
355366,355242
355368,355244
355370,355246
357293,357169
357295,357171
357298,357174
357305,357181
357307,357183
357309,357185
357311,357187
357314,357189
359275,359150
361282,361157
363280,363155
365284,365159
367197,367072
367206,367080
369083,368956
369084,368957
369085,368958
369087,368960
369088,368961
369090,368963
370961,370834
370963,370836
372930,372802
372932,372804
372933,372805
372935,372807
372936,372808
372937,372809
374783,374655
374800,374672
374801,374673
376609,376481
378357,378229
380233,380105
382173,382045
384359,384231
384361,384233
386551,386423
388693,388565
388694,388566
388697,388569
390631,390502
390632,390503
390633,390504
392722,392593
392723,392594
392724,392595
392734,392605
392739,392610
392740,392611
392741,392612
392742,392613
394562,394433
394563,394434
396419,396290
396421,396291
398240,398110
398241,398111
398242,398112
400193,400062
401944,401812
403978,403846
405992,405860
405994,405861
408220,408086
410351,410217
412371,412236
412372,412237
414359,414224
416466,416331
416467,416332
418540,418405
418541,418406
418545,418410
418550,418414
418551,418415
418552,418416
418553,418417
420588,420452
422594,422458
424343,424207
424345,424209
426307,426171
428127,427990
430110,429972
430111,429973
430112,429974
430113,429975
430115,429977
431798,431660
433775,433637
433776,433638
433778,433639
436185,436046
436186,436047
438494,438354
438495,438355
440572,440432
440574,440434
442392,442252
442393,442253
442399,442259
442400,442260
442401,442261
442402,442262
444515,444375
444516,444376
446509,446368
448395,448254
448398,448257
450238,450097
450240,450099
450246,450105
450247,450106
452285,452144
452287,452146
452288,452147
452289,452148
452290,452149
452291,452150
452292,452151
452293,452152
452294,452153
452295,452154
452296,452155
454001,453860
454004,453862
455915,455772
455916,455773
455917,455774
455918,455775
457808,457665
459855,459712
459857,459714
459859,459716
461413,461270
461415,461272
463377,463234
463378,463235
465209,465066
465210,465067
466939,466795
466940,466796
469119,468974
469120,468975
469121,468976
469122,468977
469123,468978
471171,471026
471174,471029
473112,472967
475273,475128
475274,475129
475275,475130
477400,477255
479156,479011
479157,479012
479158,479013
480973,480827
480974,480828
480976,480830
480978,480832
480981,480834
480983,480836
480985,480838
482915,482768
482926,482778
485159,485011
485161,485013
485163,485015
486997,486849
486999,486851
487001,486853
487007,486859
489221,489073
489222,489074
491208,491060
493144,492995
495013,494864
495014,494865
495015,494866
495016,494867
496951,496802
496953,496803
498617,498467
500276,500126
500277,500127
500283,500133
502262,502112
502263,502113
504298,504148
506116,505965
508173,508021
509952,509800
509953,509801
509954,509802
509955,509803
512143,511991
514140,513988
516241,516089
516242,516090
518204,518052
518205,518053
518206,518054
518208,518056
519850,519697
519851,519698
519853,519700
521928,521775
521929,521776
521930,521777
521931,521778
521932,521779
523864,523711
525506,525353
527354,527201
527356,527203
529363,529210
529365,529211
529366,529212
529368,529214
529369,529215
529370,529216
531237,531083
533008,532853
534586,534430
534587,534431
534589,534432
534590,534433
534591,534434
534592,534435
536495,536338
536496,536339
536497,536340
538537,538380
538539,538382
540472,540315
540474,540317
540476,540319
540477,540320
540479,540321
540480,540322
540481,540323
540482,540324
542416,542258
544273,544115
544275,544117
546037,545878
546038,545879
546040,545880
547991,547831
547992,547832
549780,549620
549781,549621
549783,549622
549784,549623
549785,549624
551844,551683
551845,551684
551847,551686
553769,553608
555798,555637
555799,555638
555801,555639
557868,557706
559752,559590
561682,561520
563470,563308
565606,565444
565607,565445
565608,565446
565610,565448
565611,565449
567666,567504
567668,567506
567669,567507
570241,570079
572098,571936
574258,574095
576137,575974
576138,575975
576139,575976
576140,575977
577886,577723
579873,579710
579874,579711
581793,581630
581794,581631
581795,581632
583920,583757
583921,583758
583922,583759
583923,583760
585831,585668
587844,587681
589790,589627
589791,589628
591913,591749
591918,591754
593934,593770
595805,595641
597961,597797
599883,599719
599884,599720
599885,599721
599886,599722
601977,601813
601978,601814
603986,603822
603987,603823
606104,605940
607960,607795
610136,609970
612257,612091
612258,612092
614340,614174
614341,614175
614342,614176
616422,616256
616423,616257
618413,618247
618415,618249
618416,618250
618417,618251
618418,618252
618419,618253
618420,618254
618422,618255
618423,618256
618425,618257
618427,618259
620404,620235
622218,622049
623758,623589
623759,623590
623760,623591
623761,623592
623762,623593
625413,625243
625414,625244
627336,627166
627341,627171
627342,627172
629352,629181
629353,629182
631357,631186
631358,631187
633474,633303
633475,633304
635701,635530
635703,635531
637787,637615
637788,637616
637790,637618
637791,637619
639722,639550
641433,641261
643358,643185
643360,643187
645371,645198
645372,645199
647472,647299
649260,649087
651634,651461
651639,651466
651640,651467
653611,653437
653612,653438
655584,655410
655585,655411
655586,655412
657817,657643
659757,659582
659761,659586
659764,659589
659765,659590
661781,661606
661786,661610
661787,661611
661789,661613
663820,663643
663823,663645
665756,665578
667410,667232
667411,667233
667413,667235
667415,667237
667417,667239
667419,667241
669118,668939
669120,668941
669121,668942
669122,668943
669123,668944
669124,668945
669125,668946
669126,668947
671202,671023
671203,671024
673077,672897
675014,674833
675016,674835
677209,677028
679418,679236
681514,681332
683196,683013
684716,684532
684720,684536
684722,684538
684728,684544
684730,684546
684732,684548
686779,686595
688559,688375
688564,688380
688565,688381
688566,688382
688567,688383
688568,688384
690544,690360
690545,690361
692651,692467
694509,694325
694515,694331
694516,694332
694517,694333
694518,694334
694519,694335
694524,694339
694526,694340
696281,696094
698220,698033
698221,698034
698223,698036
700091,699904
702233,702046
704617,704430
704618,704431
704619,704432
706581,706393
708621,708433
710461,710273
710462,710274
712522,712334
712523,712335
712525,712337
712528,712340
714472,714283
714473,714284
716675,716486
718737,718548
718740,718551
721005,720816
723142,722952
723144,722953
723150,722959
725054,724863
725056,724864
725057,724865
725058,724866
725059,724867
726784,726592
726785,726593
726801,726609
728821,728629
728823,728630
730520,730327
730521,730328
732632,732439
734628,734434
734630,734436
736348,736154
738524,738329
738525,738330
740647,740452
742857,742662
745192,744996
745193,744997
747362,747166
747363,747167
747364,747168
749578,749382
749579,749383
749580,749384
749581,749385
749602,749406
751901,751705
753717,753521
753718,753522
753720,753524
756002,755805
758001,757804
758003,757806
758004,757807
758006,757808
758007,757809
758008,757810
759984,759786
762045,761846
762047,761848
764087,763887
764089,763888
764091,763890
764097,763895
766312,766109
767923,767720
769943,769740
769944,769741
769945,769742
771970,771767
773949,773745
776213,776009
776216,776012
778366,778162
780197,779993
780199,779995
780200,779996
782385,782181
782386,782182
782387,782183
784402,784198
784403,784199
784404,784200
786127,785922
786128,785923
787787,787582
789835,789630
789837,789632
789838,789633
789839,789634
789840,789635
789842,789636
789843,789637
789844,789638
789845,789639
791921,791713
791922,791714
791923,791715
791924,791716
793949,793741
795872,795664
795873,795665
795874,795666
797883,797674
797884,797675
797885,797676
799981,799772
799982,799773
801917,801708
801920,801710
803996,803786
803999,803788
806078,805867
806080,805869
807999,807788
808000,807789
810019,809808
810020,809809
811932,811721
813944,813733
813946,813735
813948,813737
813951,813739
813952,813740
813953,813741
813954,813742
815898,815686
815899,815687
815900,815688
815902,815690
817593,817380
817598,817385
819653,819440
821671,821458
821672,821459
821674,821460
821676,821462
821677,821463
821678,821464
821682,821467
823529,823313
823530,823314
825391,825174
825393,825176
825394,825177
827334,827116
829103,828885
829104,828886
831194,830975
831196,830977
831197,830978
831199,830980
832954,832735
832956,832737
832957,832738
834770,834550
834771,834551
834772,834552
836749,836528
836751,836530
836753,836532
836756,836534
838900,838678
841103,840881
841114,840892
842937,842714
842938,842715
842939,842716
842940,842717
842941,842718
842942,842719
845046,844823
845047,844824
846952,846728
846953,846729
848937,848713
848938,848714
851019,850795
851021,850797
851024,850800
852840,852616
854686,854462
854687,854463
854688,854464
854693,854469
854698,854473
854699,854474
854700,854475
854701,854476
856523,856298
858536,858311
858537,858312
858539,858314
858541,858316
858542,858317
858543,858318
860535,860310
860538,860313
862348,862123
862349,862124
862351,862126
862354,862128
862355,862129
863988,863762
863990,863763
863991,863764
865591,865364
865592,865365
865597,865369
865598,865370
865599,865371
867563,867334
867564,867335
867565,867336
867568,867339
867570,867341
867572,867343
869072,868843
869075,868845
869079,868848
871053,870822
872651,872420
874625,874394
874627,874396
876836,876605
876837,876606
878829,878598
880897,880666
880898,880667
882688,882456
882689,882457
885008,884776
885018,884786
886816,886584
889082,888850
889087,888855
891212,890980
891213,890981
891216,890984
893459,893226
893460,893227
895376,895142
895377,895143
895379,895145
895381,895147
895383,895149
897379,897144
899146,898911
899147,898912
899148,898913
899149,898914
899150,898915
899151,898916
901156,900921
902593,902357
902594,902358
902595,902359
902596,902360
904336,904100
904337,904101
904338,904102
905985,905749
907876,907640
907877,907641
907878,907642
909846,909610
909847,909611
909848,909612
911576,911340
911577,911341
911578,911342
913568,913331
915459,915222
917399,917161
919564,919326
921522,921284
921523,921285
923780,923542
925858,925620
927986,927748
930102,929864
930104,929866
930106,929867
930108,929869
930110,929870
930112,929871
931918,931677
933884,933643
933886,933644
935890,935647
938028,937784
938029,937785
939936,939692
939937,939693
942001,941756
942006,941761
942007,941762
942008,941763
942009,941764
942011,941765
943765,943518
943767,943519
943769,943520
946056,945807
946057,945808
946058,945809
947777,947527
947778,947528
947780,947530
949704,949453
949705,949454
949711,949460
949712,949461
949713,949462
949714,949463
949715,949464
949716,949465
949718,949466
949719,949467
951545,951293
953287,953034
955090,954837
955091,954838
955094,954840
956961,956707
956966,956712
956967,956713
958949,958694
958959,958704
958960,958705
958961,958706
960999,960744
962943,962687
962945,962689
964863,964607
964864,964608
964865,964609
964866,964610
964872,964615
966709,966452
969092,968835
970753,970496
970755,970497
972774,972516
972777,972518
972779,972520
972781,972522
974749,974489
974751,974491
974754,974494
976721,976461
978963,978703
978965,978705
980853,980592
980855,980594
980856,980595
982919,982657
984913,984651
984914,984652
984915,984653
984917,984654
984918,984655
984919,984656
987068,986805
987071,986807
988900,988636
990909,990645
990911,990647
993150,992886
993152,992888
993154,992890
993156,992891
993157,992892
994918,994653
996494,996229
996495,996230
996496,996231
998483,998217
998484,998218
998485,998219
998486,998220
1000331,1000065
1000342,1000075
1002408,1002141
1002409,1002142
1004444,1004177
1006476,1006209
1008482,1008214
1010648,1010380
1010651,1010382
1012604,1012335
1012606,1012336
1014302,1014032
1014303,1014033
1014305,1014035
1014306,1014036
1014307,1014037
1014308,1014038
1016629,1016359
1018407,1018136
1018408,1018137
1020551,1020280
1020552,1020281
1022318,1022047
1022320,1022049
1024624,1024352
1024625,1024353
1024626,1024354
1026916,1026644
1026917,1026645
1026919,1026646
1026920,1026647
1026921,1026648
1026922,1026649
1026923,1026650
1026924,1026651
1026925,1026652
1028677,1028404
1030627,1030354
1032489,1032216
1032490,1032217
1034487,1034214
1034488,1034215
1034489,1034216
1036361,1036088
1036362,1036089
1038249,1037976
1038251,1037977
1039885,1039610
1039886,1039611
1039887,1039612
1039888,1039613
1041774,1041498
1041775,1041499
1041777,1041500
1043729,1043451
1046061,1045783
1047571,1047293
1047572,1047294
1049755,1049477
1049757,1049479
1049762,1049484
1049764,1049486
1049766,1049488
1049768,1049489
1051603,1051324
1051604,1051325
1053665,1053386
1053666,1053387
1053667,1053388
1053668,1053389
1053669,1053390
1055474,1055194
1057467,1057186
1057468,1057187
1059242,1058961
1059244,1058963
1061090,1060809
1062685,1062404
1062690,1062409
1064394,1064113
1064396,1064114
1064398,1064116
1066542,1066260
1068587,1068305
1070467,1070185
1070469,1070187
1070470,1070188
1072669,1072387
1072671,1072388
1072674,1072391
1072676,1072393
1074436,1074153
1076607,1076324
1078830,1078547
1078831,1078548
1078832,1078549
1078833,1078550
1080616,1080333
1080617,1080334
1080622,1080339
1080624,1080341
1080625,1080342
1080629,1080346
1082428,1082145
1084479,1084196
1086203,1085919
1088178,1087894
1088179,1087895
1088180,1087896
1088181,1087897
1089894,1089609
1089895,1089610
1089900,1089614
1091898,1091612
1093857,1093570
1093859,1093572
1093861,1093574
1095955,1095668
1095957,1095670
1098061,1097773
1098062,1097774
1100324,1100035
1102077,1101788
1102078,1101789
1102079,1101790
1102080,1101791
1102081,1101792
1104131,1103842
1104133,1103843
1104134,1103844
1106025,1105735
1106026,1105736
1108000,1107710
1108001,1107711
1110012,1109722
1110013,1109723
1110015,1109725
1110016,1109726
1110017,1109727
1111923,1111633
1111924,1111634
1111925,1111635
1111926,1111636
1111927,1111637
1111928,1111638
1113744,1113453
1115667,1115376
1115669,1115377
1117481,1117189
1119426,1119134
1121582,1121290
1121583,1121291
1121584,1121292
1121585,1121293
1121587,1121295
1123400,1123108
1125302,1125010
1125304,1125012
1127039,1126747
1127040,1126748
1127041,1126749
1127043,1126750
1127044,1126751
1129011,1128718
1129013,1128719
1130608,1130314
1130609,1130315
1130610,1130316
1130612,1130318
1132896,1132601
1134782,1134487
1136924,1136628
1136929,1136633
1136934,1136638
1136936,1136640
1136938,1136642
1138727,1138431
1138729,1138433
1138730,1138434
1138731,1138435
1138732,1138436
1138733,1138437
1138734,1138438
1140665,1140368
1142473,1142176
1142476,1142178
1142479,1142180
1142480,1142181
1142482,1142183
1144408,1144109
1144409,1144110
1146549,1146250
1148440,1148141
1148442,1148143
1148444,1148145
1150039,1149740
1151894,1151595
1151895,1151596
1154106,1153807
1156136,1155837
1158248,1157949
1158249,1157950
1160460,1160161
1160461,1160162
1160462,1160163
1160463,1160164
1160464,1160165
1162416,1162117
1162417,1162118
1164359,1164060
1166133,1165833
1168292,1167991
1168293,1167992
1168294,1167993
1168295,1167994
1168296,1167995
1170109,1169807
1170110,1169808
1170111,1169809
1172243,1171941
1172244,1171942
1174172,1173869
1174173,1173870
1176095,1175792
1178049,1177746
1179903,1179600
1179904,1179601
1179905,1179602
1179906,1179603
1179908,1179604
1179909,1179605
1179910,1179606
1181635,1181331
1181637,1181332
1183506,1183201
1185636,1185331
1187934,1187629
1190010,1189704
1190011,1189705
1190012,1189706
1190013,1189707
1191907,1191601
1191908,1191602
1191909,1191603
1194302,1193995
1195724,1195417
1195726,1195419
1195728,1195421
1197523,1197216
1199866,1199559
1199867,1199560
1199869,1199562
1201720,1201413
1201722,1201415
1201725,1201418
1203548,1203241
1203549,1203242
1203551,1203244
1203557,1203249
1203560,1203251
1203562,1203253
1203565,1203256
1205530,1205220
1205531,1205221
1207493,1207183
1209683,1209373
1211611,1211301
1211613,1211303
1211614,1211304
1211615,1211305
1211616,1211306
1213509,1213199
1215598,1215288
1215599,1215289
1215600,1215290
1215601,1215291
1217694,1217384
1219627,1219317
1219628,1219318
1219635,1219325
1221549,1221239
1221550,1221240
1223194,1222883
1225256,1224945
1227209,1226898
1227210,1226899
1229121,1228810
1231347,1231036
1231348,1231037
1231353,1231041
1231354,1231042
1231355,1231043
1231356,1231044
1231357,1231045
1232974,1232662
1232979,1232667
1232981,1232668
1235071,1234758
1237004,1236691
1237006,1236693
1237011,1236697
1239345,1239030
1239350,1239035
1241118,1240802
1241120,1240804
1241121,1240805
1241122,1240806
1243391,1243074
1245417,1245100
1247400,1247083
1249271,1248954
1249272,1248955
1249273,1248956
1251199,1250882
1251204,1250887
1253293,1252975
1253298,1252980
1253299,1252981
1253300,1252982
1253301,1252983
1255201,1254883
1256922,1256604
1256923,1256605
1256924,1256606
1256927,1256608
1256929,1256609
1256931,1256611
1256933,1256612
1258744,1258414
1258745,1258415
1258746,1258416
1258747,1258417
1258748,1258418
1260840,1260510
1260841,1260511
1260842,1260512
1262708,1262378
1264466,1264135
1264468,1264137
1266238,1265907
1268467,1268136
1270547,1270215
1272752,1272420
1272753,1272421
1274820,1274488
1274824,1274492
1274825,1274493
1274827,1274494
1274828,1274495
1274834,1274501
1274837,1274502
1276900,1276565
1276902,1276567
1276904,1276569
1276903,1276568
1278686,1278351
1280487,1280151
1282690,1282354
1282692,1282356
1282693,1282357
1282694,1282358
1282695,1282359
1284456,1284120
1284457,1284121
1284458,1284122
1284459,1284123
1286293,1285957
1286294,1285958
1286295,1285959
1286296,1285960
1286297,1285961
1286298,1285962
1286299,1285963
1286300,1285964
1286301,1285965
1286302,1285966
1288404,1288067
1288406,1288069
1290105,1289768
1290107,1289770
1291712,1291375
1293902,1293565
1293903,1293566
1293905,1293568
1295767,1295430
1295769,1295431
1295770,1295432
1295771,1295432
1297969,1297629
1297970,1297630
1297971,1297631
1297972,1297632
1297973,1297633
1297974,1297634
1297975,1297635
1297976,1297636
1297977,1297636
1297978,1297637
1297979,1297638
1299664,1299323
1299665,1299324
1301880,1301539
1303661,1303320
1303663,1303321
1303664,1303322
1303666,1303324
1303668,1303326
1303669,1303327
1303670,1303328
1304651,1304309
1304656,1304314
1304658,1304315
1304663,1304319
1304664,1304320
1304665,1304321
1304667,1304322
1304668,1304323
1306178,1305833
1308209,1307864
1308210,1307865
1308211,1307866
1308213,1307868
1308215,1307870
1310112,1309767
1310114,1309768
1310115,1309769
1310117,1309771
1310118,1309772
1311855,1311509
1311857,1311511
1311859,1311513
1311861,1311514
1311863,1311516
1311865,1311518
1311866,1311519
1313353,1313005
1315228,1314879
1315229,1314880
1315230,1314881
1315231,1314882
1315232,1314883
1317320,1316970
1317321,1316971
1319251,1318901
1319253,1318902
1319254,1318903
1319255,1318904
1319256,1318905
1321316,1320965
1321317,1320966
1321318,1320967
1323200,1322848
1323201,1322849
1323203,1322851
1323205,1322853
1324892,1324540
1324893,1324541
1324894,1324542
1324895,1324543
1326898,1326545
1328567,1328214
1330426,1330073
1330427,1330074
1330429,1330076
1332418,1332065
1334335,1333982
1336338,1335985
1338530,1338177
1338531,1338178
1338532,1338179
1340462,1340109
1340464,1340111
1340467,1340113
1340469,1340115
1342760,1342406
1342761,1342407
1342762,1342408
1344721,1344367
1346660,1346305
1346661,1346306
1346663,1346307
1346664,1346308
1348771,1348415
1348772,1348416
1348773,1348417
1350705,1350349
1352950,1352593
1352952,1352594
1352957,1352599
1352959,1352600
1354815,1354456
1356823,1356464
1356824,1356465
1356825,1356466
1356826,1356467
1356827,1356468
1356828,1356469
1356830,1356471
1358531,1358171
1358532,1358172
1358533,1358173
1360631,1360271
1362530,1362170
1364448,1364088
1364449,1364089
1364451,1364090
1366311,1365950
1366312,1365951
1366313,1365952
1368273,1367911
1368274,1367912
1370317,1369955
1372407,1372045
1372408,1372046
1374007,1373645
1374009,1373647
1374010,1373648
1374011,1373649
1374012,1373650
1374014,1373652
1374015,1373653
1374016,1373654
1374017,1373655
1375750,1375387
1375751,1375388
1375752,1375389
1375755,1375392
1377611,1377248
1379411,1379048
1381250,1380887
1383554,1383191
1383555,1383192
1385537,1385174
1385538,1385175
1387462,1387099
1387465,1387102
1389531,1389167
1391456,1391092
1391457,1391093
1393683,1393319
1395514,1395149
1395515,1395150
1397557,1397192
1397559,1397194
1397560,1397195
1397561,1397196
1397562,1397197
1399236,1398871
1399237,1398872
1401251,1400886
1401253,1400888
1401256,1400891
1401259,1400894
1403570,1403205
1403573,1403208
1403576,1403210
1403579,1403213
1403582,1403216
1403584,1403218
1405888,1405521
1405890,1405523
1408021,1407654
1410025,1409658
1410026,1409659
1410031,1409664
1411910,1411543
1411911,1411544
1411912,1411545
1411913,1411546
1411914,1411547
1414329,1413962
1414331,1413964
1416713,1416345
1419027,1418658
1419029,1418659
1419030,1418660
1419031,1418661
1419033,1418662
1421538,1421167
1421539,1421168
1423423,1423051
1423424,1423052
1423425,1423053
1423427,1423055
1423428,1423056
1423430,1423058
1423433,1423060
1425422,1425048
1425424,1425050
1427263,1426889
1427264,1426890
1429267,1428893
1429268,1428894
1429269,1428895
1429270,1428896
1431271,1430897
1431277,1430902
1431283,1430908
1431284,1430909
1431287,1430911
1433043,1432666
1435165,1434788
1437058,1436680
1438844,1438466
1438849,1438471
1441071,1440692
1441073,1440694
1442774,1442394
1444603,1444222
1446631,1446249
1446632,1446250
1446634,1446251
1446635,1446252
1448571,1448188
1450785,1450402
1452938,1452555
1455155,1454772
1457289,1456906
1457291,1456908
1457293,1456910
1457296,1456912
1459534,1459150
1459538,1459154
1459540,1459156
1459541,1459157
1459542,1459158
1459543,1459159
1461232,1460847
1461233,1460848
1461234,1460849
1462887,1462502
1464830,1464445
1464832,1464446
1464833,1464447
1464834,1464448
1466669,1466283
1466670,1466284
1468569,1468183
1470676,1470290
1470677,1470291
1470679,1470292
1472846,1472458
1472847,1472459
1474681,1474293
1476634,1476246
1478731,1478343
1480846,1480458
1483051,1482662
1483052,1482663
1483053,1482664
1483054,1482665
1483055,1482666
1483056,1482667
1483057,1482668
1484873,1484483
1484877,1484486
1484878,1484487
1484879,1484488
1484880,1484489
1484881,1484490
1484886,1484494
1486371,1485979
1486373,1485981
1488286,1487894
1488288,1487896
1490454,1490062
1492467,1492075
1492469,1492077
1494539,1494147
1496631,1496239
1498613,1498221
1500645,1500253
1500659,1500267
1502397,1502005
1502398,1502006
1504328,1503936
1504331,1503938
1506379,1505986
1508276,1507883
1510323,1509930
1510325,1509932
1512224,1511831
1512226,1511833
1512229,1511835
1514088,1513693
1516244,1515849
1516246,1515850
1518331,1517934
1520397,1520000
1520398,1520001
1520399,1520002
1520400,1520003
1522452,1522055
1522458,1522060
1522460,1522062
1522461,1522063
1522463,1522065
1524586,1524188
1524587,1524189
1524589,1524191
1524590,1524192
1526516,1526117
1526518,1526119
1526519,1526120
1526522,1526123
1526529,1526130
1526539,1526140
1526544,1526144
1526545,1526145
1528457,1528057
1529894,1529494
1529896,1529496
1531281,1530880
1533075,1532674
1535180,1534779
1537314,1536913
1537315,1536914
1539134,1538732
1539135,1538733
1541119,1540717
1541120,1540718
1541121,1540719
1541133,1540731
1541135,1540733
1543313,1542911
1543314,1542912
1545434,1545032
1545439,1545036
1545440,1545037
1545441,1545038
1547469,1547066
1547471,1547068
1547472,1547069
1549460,1549057
1549461,1549058
1549462,1549059
1549464,1549060
1549466,1549062
1549468,1549063
1549470,1549064
1549472,1549066
1549474,1549067
1549476,1549068
1549477,1549069
1551278,1550870
1551279,1550871
1551280,1550872
1551281,1550873
1551282,1550874
1552731,1552323
1552732,1552324
1552733,1552325
1554240,1553832
1554241,1553833
1555954,1555546
1555955,1555547
1555956,1555548
1557740,1557332
1557741,1557333
1557742,1557334
1557743,1557335
1557744,1557336
1557746,1557337
1557747,1557338
1559688,1559279
1561626,1561217
1561627,1561218
1563581,1563172
1563582,1563173
1565427,1565017
1565428,1565018
1565429,1565019
1567403,1566993
1567406,1566995
1567408,1566997
1569532,1569120
1569538,1569125
1569540,1569127
1571137,1570723
1573272,1572857
1573274,1572858
1573275,1572859
1573276,1572860
1573277,1572861
1573278,1572862
1575132,1574716
1575133,1574717
1576568,1576151
1576569,1576152
1576570,1576153
1578456,1578039
1578458,1578041
1578461,1578043
1580544,1580126
1582599,1582180
1582601,1582181
1584626,1584206
1584627,1584207
1586787,1586366
1588809,1588388
1588810,1588389
1588811,1588390
1588812,1588391
1590757,1590336
1590762,1590341
1590768,1590347
1590769,1590348
1590776,1590355
1590777,1590356
1590784,1590363
1590785,1590364
1590787,1590366
1592290,1591869
1592292,1591870
1592293,1591871
1592294,1591872
1592300,1591877
1592302,1591879
1594106,1593683
1595882,1595459
1595884,1595461
1595886,1595463
1595887,1595464
1595888,1595465
1597699,1597275
1597701,1597277
1599577,1599153
1601419,1600995
1601420,1600996
1601421,1600997
1603312,1602888
1603314,1602889
1603316,1602890
1603317,1602891
1605311,1604884
1606854,1606426
1606855,1606427
1608531,1608102
1610566,1610137
1610569,1610139
1610571,1610141
1610573,1610143
1610575,1610145
1610577,1610147
1610579,1610149
1612683,1612253
1612688,1612257
1614803,1614372
1614808,1614377
1614816,1614385
1616257,1615826
1616260,1615828
1616268,1615835
1616269,1615836
1618081,1617648
1619932,1619499
1619935,1619502
1619938,1619504
1619940,1619506
1621934,1621499
1621935,1621500
1624024,1623589
1626104,1625669
1626114,1625679
1626115,1625680
1626116,1625681
1627640,1627205
1627641,1627206
1627642,1627207
1627643,1627208
1627645,1627210
1627646,1627211
1629501,1629066
1629502,1629067
1629503,1629068
1631305,1630870
1633389,1632954
1633391,1632955
1633393,1632956
1635575,1635137
1637540,1637102
1637541,1637103
1639308,1638870
1639309,1638871
1639310,1638872
1641241,1640803
1641244,1640805
1643095,1642656
1643097,1642658
1643099,1642660
1645088,1644649
1645089,1644650
1645091,1644652
1645097,1644658
1645099,1644660
1647040,1646600
1647043,1646603
1647048,1646608
1647049,1646609
1647050,1646610
1647051,1646611
1647052,1646612
1647053,1646613
1648854,1648413
1650831,1650390
1650832,1650391
1650833,1650392
1652562,1652121
1654262,1653821
1654263,1653822
1656219,1655777
1656220,1655778
1656221,1655779
1656222,1655780
1656227,1655785
1656228,1655786
1656229,1655787
1656230,1655788
1656231,1655789
1656233,1655791
1656235,1655793
1658055,1657613
1658056,1657614
1658057,1657615
1658058,1657616
1658059,1657617
1658061,1657619
1658062,1657620
1658063,1657621
1659823,1659380
1659824,1659381
1659825,1659382
1661529,1661086
1661530,1661087
1661531,1661088
1663240,1662797
1663241,1662798
1663242,1662799
1663243,1662800
1664834,1664390
1664836,1664392
1666381,1665936
1668114,1667669
1668115,1667670
1670023,1669578
1670024,1669579
1670026,1669580
1671868,1671422
1671869,1671423
1673764,1673318
1675713,1675267
1677868,1677422
1679981,1679535
1682097,1681651
1682098,1681652
1684117,1683671
1684118,1683672
1684119,1683673
1686243,1685797
1686244,1685798
1686245,1685799
1686247,1685800
1688200,1687753
1689792,1689344
1689793,1689345
1691769,1691321
1691770,1691322
1691772,1691323
1691773,1691324
1691774,1691325
1694116,1693667
1696206,1695757
1696207,1695758
1696208,1695759
1698154,1697705
1698156,1697707
1699823,1699374
1702097,1701647
1704079,1703629
1704080,1703630
1706021,1705570
1706022,1705571
1707928,1707477
1707933,1707481
1709851,1709398
1709852,1709399
1709853,1709400
1709854,1709401
1709855,1709402
1709857,1709403
1709859,1709405
1709861,1709407
1711527,1711072
1713649,1713194
1715617,1715162
1715619,1715164
1717712,1717257
1719752,1719296
1719755,1719299
1719760,1719304
1721529,1721073
1721530,1721074
1721531,1721075
1721532,1721076
1723661,1723205
1725704,1725248
1727784,1727327
1727789,1727332
1727790,1727333
1729853,1729396
1729854,1729397
1732008,1731551
1732009,1731552
1733699,1733242
1735552,1735095
1735553,1735096
1735554,1735097
1737450,1736992
1739488,1739030
1739489,1739031
1739490,1739032
1741449,1740991
1741450,1740992
1741451,1740993
1741452,1740994
1741453,1740995
1741454,1740996
1741455,1740997
1741457,1740998
1741458,1740999
1741459,1741000
1741460,1741001
1741461,1741002
1741462,1741003
1741463,1741004
1741464,1741005
1742882,1742423
1742883,1742424
1742884,1742425
1744456,1743997
1744457,1743998
1744458,1743999
1744459,1744000
1744460,1744001
1744461,1744002
1746614,1746155
1746616,1746156
1748694,1748234
1750127,1749667
1750128,1749668
1750130,1749670
1751746,1751285
1751747,1751286
1753836,1753375
1755874,1755413
1757800,1757339
1759725,1759264
1759726,1759265
1761734,1761273
1761735,1761274
1763898,1763437
1763899,1763438
1763900,1763439
1766064,1765603
1766065,1765604
1767965,1767504
1767966,1767505
1767967,1767506
1767969,1767507
1769957,1769494
1769959,1769496
1769960,1769497
1769961,1769498
1769962,1769499
1771849,1771386
1771852,1771389
1773739,1773276
1775464,1775001
1777026,1776563
1777027,1776564
1778781,1778317
1780537,1780072
1780539,1780074
1782398,1781933
1784098,1783632
1785889,1785423
1785891,1785425
1787582,1787116
1787583,1787117
1789376,1788910
1791035,1790568
1792843,1792376
1792844,1792377
1792845,1792378
1792846,1792379
1794679,1794211
1794680,1794212
1796596,1796128
1796598,1796130
1796600,1796131
1798294,1797825
1800144,1799675
1800145,1799676
1800146,1799677
1801666,1801197
1801667,1801198
1801668,1801199
1801670,1801200
1801671,1801201
1801672,1801202
1801673,1801203
1803579,1803109
1803581,1803110
1805320,1804849
1807023,1806552
1808808,1808337
1808810,1808339
1810455,1809983
1810456,1809984
1812227,1811755
1812228,1811756
1814010,1813538
1814011,1813539
1814012,1813540
1815783,1815311
1815784,1815312
1817082,1816610
1818575,1818103
1818576,1818104
1818577,1818105
1818578,1818106
1818579,1818107
1820070,1819598
1820071,1819599
1820072,1819600
1820073,1819601
1821659,1821186
1821660,1821187
1823385,1822912
1823386,1822913
1823387,1822914
1823388,1822915
1823389,1822916
1824844,1824371
1826686,1826213
1828461,1827988
1829733,1829260
1829735,1829261
1829737,1829263
1829739,1829265
1829740,1829266
1829741,1829267
1831691,1831217
1833602,1833128
1833604,1833130
1833605,1833131
1833606,1833132
1835552,1835078
1837137,1836663
1837138,1836664
1837139,1836665
1839024,1838550
1839025,1838551
1840818,1840343
1840819,1840344
1840820,1840345
1842642,1842167
1844348,1843873
1846071,1845596
1846072,1845597
1846073,1845598
1846075,1845599
1846076,1845600
1846077,1845601
1846080,1845604
1846082,1845606
1847366,1846890
1848789,1848312
1848791,1848314
1848792,1848315
1848793,1848316
1850330,1849853
1850331,1849854
1850332,1849855
1851846,1851368
1851862,1851384
1853276,1852798
1854576,1854097
1854578,1854098
1856136,1855656
1856138,1855657
1857481,1857000
1857485,1857003
1858563,1858081
1858564,1858082
1858565,1858083
1858567,1858085
1858569,1858087
1858571,1858089
1858572,1858090
1859971,1859489
1861392,1860910
1861393,1860911
1861397,1860915
1861398,1860916
1861403,1860921
1862651,1862168
1862652,1862169
1863878,1863395
1864947,1864464
1864948,1864465
1866006,1865523
1867091,1866608
1868679,1868196
1870177,1869694
1871676,1871193
1871677,1871194
1871678,1871195
1871679,1871196
1871690,1871207
1871691,1871208
1871692,1871209
1871694,1871211
1871695,1871212
1872907,1872424
1872909,1872426
1872911,1872428
1874106,1873623
1875339,1874855
1876476,1875992
1876482,1875998
1877481,1876997
1878711,1878227
1880192,1879707
1880194,1879709
1880197,1879712
1881503,1881018
1881504,1881019
1881505,1881020
1881506,1881021
1882900,1882414
1882901,1882415
1882902,1882416
1882904,1882417
1884302,1883815
1885602,1885115
1886678,1886191
1886680,1886192
1886681,1886193
1888124,1887635
1888126,1887637
1889536,1889047
1890820,1890330
1890821,1890331
1890826,1890335
1892058,1891567
1893559,1893068
1893564,1893072
1893573,1893073
1893574,1893074
1894707,1894207
1894709,1894208
1894711,1894209
1896024,1895522
1896025,1895523
1896027,1895524
1896028,1895525
1897039,1896536
1898343,1897840
1899460,1898957
1900638,1900135
1901826,1901323
1901827,1901324
1901832,1901329
1903232,1902728
1903234,1902730
1904838,1904334
1906443,1905939
1907887,1907383
1909308,1908804
1909309,1908805
1910543,1910038
1911781,1911276
1911783,1911278
1912937,1912432
1914154,1913649
1915557,1915052
1915558,1915053
1915559,1915054
1916692,1916186
1917670,1917164
1917672,1917166
1918846,1918340
1918847,1918341
1919899,1919393
1919900,1919394
1919902,1919395
1920920,1920413
1922101,1921594
1923215,1922708
1923217,1922710
1923220,1922713
1924279,1923771
1925368,1924860
1925371,1924863
1926321,1925813
1927204,1926696
1928012,1927503
1928892,1928383
1929778,1929269
1929779,1929270
1929780,1929271
1929781,1929272
1929782,1929273
1930573,1930064
1930574,1930065
1930575,1930066
1931354,1930845
1931356,1930846
1931357,1930847
1931358,1930848
1932160,1931649
1932978,1932467
1933791,1933280
1933792,1933281
1933793,1933282
1934588,1934077
1935379,1934868
1935384,1934872
1936202,1935690
1936204,1935691
1937026,1936513
1937849,1937336
1938662,1938149
1938663,1938150
