1,1
3,3
5,4
6,5
8,6
9,7
11,9
12,10
876,874
877,875
878,876
2119,2117
3447,3445
3448,3446
3449,3447
3450,3448
5133,5131
5134,5132
5135,5133
5136,5134
7014,7012
7015,7013
7016,7014
7017,7015
8799,8797
8800,8798
8802,8800
8804,8802
10877,10875
12907,12905
14676,14674
14677,14675
16594,16592
16597,16595
16598,16596
16599,16597
16602,16600
16603,16601
16604,16602
18476,18474
18477,18475
18478,18476
18479,18477
20268,20266
20270,20268
20271,20269
22035,22033
22037,22035
22039,22037
22041,22039
22043,22041
22045,22043
23604,23602
23605,23603
23606,23604
23607,23605
25410,25408
27127,27124
27129,27125
29004,29000
31038,31034
33086,33082
34951,34946
34952,34947
37089,37084
37090,37085
38634,38629
38635,38630
38637,38631
38638,38632
38641,38634
40516,40508
42229,42221
43907,43899
43909,43901
43911,43903
45846,45838
45847,45839
45848,45840
45849,45841
47639,47631
49304,49296
51501,51493
51502,51494
51503,51495
51504,51496
53490,53482
53494,53486
53495,53487
53496,53488
55337,55329
55338,55330
55339,55331
57359,57351
57361,57353
57363,57355
57365,57357
57366,57358
59237,59229
61260,61252
63203,63195
63205,63196
64940,64931
64941,64932
67080,67071
68907,68898
70971,70962
72776,72767
74990,74981
74991,74982
74992,74983
74995,74986
74996,74987
77041,77032
77042,77033
77044,77034
77047,77036
77049,77038
77050,77039
77051,77040
77053,77041
77054,77042
77055,77043
77056,77044
78891,78879
78898,78886
78900,78888
78901,78889
80828,80816
80829,80817
82356,82344
82357,82345
82358,82346
82359,82347
82360,82348
82361,82349
82362,82350
84101,84089
84102,84090
86054,86042
88165,88153
88167,88155
88169,88157
90373,90361
92551,92539
92552,92540
94609,94596
94610,94597
96506,96493
96507,96494
96508,96495
98457,98444
100364,100351
102289,102276
102291,102278
104440,104427
104441,104428
104443,104430
104445,104432
104447,104434
104449,104436
104455,104441
104461,104446
104462,104447
104466,104451
104467,104452
104468,104453
106502,106487
108626,108611
110474,110459
112395,112380
112396,112381
112398,112382
112399,112383
112400,112384
114203,114186
114204,114187
114206,114189
114207,114190
115874,115857
115876,115859
115877,115860
115890,115873
115897,115880
115901,115884
115902,115885
117579,117562
117581,117564
117589,117572
119369,119352
119370,119353
119372,119355
119374,119357
119376,119359
119378,119361
121298,121281
121300,121283
121302,121285
121303,121286
121304,121287
122972,122954
122974,122955
122975,122956
122976,122957
122977,122958
122978,122959
124860,124841
126817,126798
126819,126799
128831,128811
130807,130787
132757,132736
134826,134805
134827,134806
134829,134808
134830,134809
134831,134810
136894,136873
136895,136874
136897,136876
136898,136877
136899,136878
136900,136879
138530,138509
138532,138511
138533,138512
140327,140306
142112,142091
143957,143936
145808,145787
145810,145789
147734,147713
149639,149618
149642,149621
151656,151635
151657,151636
153579,153558
153580,153559
155862,155841
158163,158141
158164,158142
158165,158143
158166,158144
158167,158145
158168,158146
158169,158147
160027,160005
160028,160006
161723,161700
163700,163677
163701,163678
165606,165583
165607,165584
167573,167550
169499,169476
169501,169478
171361,171338
171362,171339
171363,171340
173361,173338
173362,173339
175383,175360
175384,175361
175385,175362
175386,175363
175387,175363
175388,175364
175389,175364
177173,177147
177174,177148
177175,177149
177176,177150
177177,177151
177178,177152
177179,177153
178971,178945
180709,180683
180710,180684
180711,180685
180712,180686
180713,180687
182436,182410
182437,182411
182438,182412
182439,182413
182444,182418
182446,182420
182447,182421
182448,182422
182449,182423
182450,182424
184006,183980
184007,183981
184009,183982
184010,183983
184011,183984
184012,183985
185868,185841
185869,185842
185870,185843
187855,187828
187860,187833
189591,189564
189592,189565
189593,189566
191328,191301
193083,193056
193084,193057
193086,193059
194838,194810
196575,196547
198186,198158
198187,198159
200153,200124
201812,201783
201814,201785
201816,201786
203724,203694
203725,203695
203726,203696
203727,203697
205691,205661
207827,207797
210016,209986
211849,211819
211850,211820
211852,211821
211853,211822
211854,211823
213877,213846
215819,215788
217632,217601
219559,219528
219560,219529
221472,221440
221474,221441
221476,221443
223438,223404
225660,225625
227629,227594
227630,227595
229731,229696
229733,229697
229734,229698
229735,229699
229736,229700
231795,231759
231797,231761
231799,231763
233751,233715
233753,233717
235619,235583
235621,235585
235627,235591
237539,237503
237540,237504
237544,237508
237545,237509
239435,239399
239437,239401
241295,241259
241297,241261
243216,243180
244995,244959
246716,246680
248826,248790
248827,248791
248828,248792
248830,248794
251124,251088
252827,252791
255086,255049
255088,255051
255089,255052
256939,256902
259075,259038
259077,259040
260998,260961
260999,260962
261000,260963
261002,260964
263091,263053
265067,265029
267000,266962
267001,266963
267002,266964
269060,269021
269061,269022
269062,269023
270878,270839
272411,272372
272412,272373
274272,274233
274273,274234
274274,274235
276309,276270
278140,278101
278142,278103
280340,280301
280342,280303
280344,280305
280346,280307
280348,280309
281978,281939
284109,284069
284110,284070
286159,286119
286160,286120
286163,286123
286164,286124
288087,288047
288088,288048
288089,288049
288091,288051
288090,288050
288091,288051
289904,289864
289906,289865
291809,291767
291812,291769
293522,293479
293527,293484
295437,295394
297352,297308
299368,299324
299369,299325
301329,301285
303302,303258
305233,305189
305235,305191
307059,307015
309357,309313
311217,311173
311218,311174
311219,311175
311221,311177
311222,311178
311223,311179
311224,311180
311225,311181
313316,313272
313317,313273
313318,313274
313319,313275
313320,313276
313321,313277
315018,314974
315019,314975
316790,316746
316792,316748
318819,318774
318823,318778
320872,320826
320873,320827
322916,322869
322920,322873
322921,322874
322922,322875
324856,324809
324858,324811
326552,326505
326554,326506
328538,328490
330679,330631
332754,332705
334322,334273
334324,334275
334326,334277
334328,334279
335801,335752
335806,335757
335808,335759
337817,337768
339860,339811
339864,339815
339865,339816
341935,341885
343982,343932
346218,346168
346219,346169
347983,347933
347988,347938
347989,347939
347990,347940
347991,347941
347993,347943
347997,347947
350259,350209
350260,350210
350261,350211
352255,352205
353968,353917
353969,353918
353970,353918
353971,353919
355826,355773
355827,355774
355828,355775
355829,355776
355830,355777
357788,357734
357789,357735
359574,359520
359576,359522
361557,361502
361558,361503
361559,361504
363515,363460
363516,363461
365354,365299
365356,365300
365357,365301
367099,367042
367100,367043
367101,367044
369123,369066
371117,371059
373394,373336
375305,375247
377074,377016
377075,377017
377077,377019
379207,379149
379208,379150
379209,379151
379210,379152
379211,379153
379212,379154
381016,380958
383115,383056
383116,383056
383120,383060
385084,385024
385085,385025
385087,385027
385088,385028
385089,385029
385091,385030
386830,386769
388714,388653
390508,390447
390509,390448
392595,392534
392596,392535
394230,394169
396150,396088
396151,396089
398066,398004
400172,400109
402380,402317
404317,404254
404318,404255
406036,405972
407635,407571
407636,407572
407637,407572
407641,407576
407646,407580
407647,407581
407648,407582
407650,407584
409768,409701
412040,411973
413872,413805
415584,415517
415585,415518
417809,417741
417810,417742
419865,419797
421724,421656
421725,421657
421726,421658
421727,421659
423717,423649
425738,425669
425739,425670
425741,425671
427418,427348
429224,429154
429225,429155
429227,429157
431374,431304
431376,431306
433023,432953
433024,432954
433028,432958
433029,432959
433030,432960
433031,432961
435154,435084
435155,435085
436800,436730
436802,436731
436803,436732
436807,436736
438896,438825
438898,438826
438899,438827
440955,440883
440956,440884
440958,440886
440960,440888
440962,440889
442980,442907
442982,442909
442983,442910
444834,444761
444835,444762
444836,444762
446577,446502
446578,446503
446579,446504
446580,446505
448487,448412
448488,448413
448489,448414
450403,450328
450404,450329
450405,450330
452193,452118
452194,452119
454060,453985
454061,453986
455758,455683
455759,455684
457476,457401
457477,457402
457478,457403
457479,457404
457480,457405
457481,457406
459325,459250
461329,461254
461330,461255
463359,463284
463360,463285
465356,465281
465357,465282
467634,467558
469466,469390
469467,469391
469468,469392
471653,471577
471654,471578
471655,471579
471656,471580
471657,471581
471658,471582
471659,471583
471660,471584
473457,473381
475229,475153
475230,475154
475231,475155
475232,475156
475233,475157
476722,476646
476727,476650
478738,478661
478739,478662
480556,480479
482497,482420
484625,484548
484626,484549
484627,484550
484628,484551
484629,484552
486806,486729
488629,488552
490768,490691
492974,492896
492975,492897
492979,492901
494854,494776
494855,494777
496627,496549
496629,496550
496631,496552
498546,498467
500394,500315
500395,500316
502336,502256
504022,503942
504023,503943
506281,506201
506282,506202
506284,506204
506286,506206
508373,508293
508374,508294
508375,508295
508376,508296
510185,510105
512178,512098
512180,512100
514260,514180
516185,516104
516186,516105
516187,516106
516188,516107
516189,516108
516190,516109
516191,516110
516193,516112
518208,518126
518209,518127
520190,520108
522099,522017
524159,524077
524160,524078
524162,524080
525993,525911
525994,525912
527791,527709
527792,527710
527793,527711
529855,529772
529856,529773
529857,529774
529858,529775
529860,529777
529862,529779
529864,529781
531720,531637
533739,533656
533740,533657
533741,533658
533742,533659
533743,533660
535565,535482
535566,535483
537244,537161
537245,537162
537246,537163
537247,537164
539108,539025
539109,539026
540924,540841
540925,540842
540926,540843
542581,542498
542582,542499
542583,542500
542584,542501
544557,544473
546682,546598
546683,546599
548130,548045
548131,548046
549521,549436
551493,551408
553095,553010
555277,555192
555278,555193
555279,555194
557435,557349
557436,557350
557437,557351
557438,557352
557439,557353
559543,559457
560962,560875
563240,563152
563242,563154
563243,563155
563244,563156
565238,565150
567073,566985
569247,569159
569248,569160
571228,571140
571229,571141
571230,571142
573228,573140
573229,573141
573230,573142
573231,573143
574887,574799
576711,576623
576713,576625
578543,578454
578549,578459
580838,580747
582837,582746
584885,584794
587036,586945
588890,588799
591061,590970
591062,590971
591063,590972
591064,590973
591066,590975
592816,592725
592818,592727
594864,594773
596926,596835
598524,598432
598526,598434
598527,598435
600811,600718
600813,600720
600815,600722
602687,602594
602689,602595
602690,602596
604764,604670
604766,604672
604767,604673
604769,604675
604770,604676
604772,604677
606848,606753
606849,606754
606850,606755
608740,608645
608741,608646
610611,610516
610613,610518
610615,610520
612779,612684
612780,612685
614515,614420
614516,614421
614517,614422
614521,614426
616384,616288
616385,616289
616386,616290
618369,618273
620037,619941
620039,619943
620041,619945
621957,621861
621959,621863
623772,623676
623775,623679
625747,625651
625749,625653
625751,625655
627973,627877
629725,629629
631787,631690
631789,631692
633942,633844
635692,635593
635693,635594
637634,637535
637638,637539
639625,639526
641547,641448
641548,641449
641549,641450
643641,643542
645594,645495
645595,645496
645597,645498
647118,647019
647120,647021
647121,647022
647122,647023
647126,647027
649149,649050
649150,649051
651309,651210
651310,651211
651311,651212
651312,651213
653037,652938
653038,652939
653039,652940
653040,652941
655120,655021
655121,655022
655122,655023
656958,656859
656959,656860
656960,656861
656961,656862
656962,656863
656963,656864
656964,656865
656966,656867
658636,658537
660664,660565
662612,662513
664519,664420
666353,666254
668078,667979
668080,667981
668082,667982
668083,667983
668084,667984
670089,669989
672257,672157
672258,672158
674198,674097
674199,674098
674203,674102
674204,674103
674205,674104
676231,676130
676232,676131
678169,678068
678171,678070
680048,679946
680051,679949
680052,679950
680054,679952
681843,681741
681845,681743
681846,681744
683675,683573
683676,683574
683681,683579
685641,685539
685642,685540
685643,685541
685644,685542
687648,687546
689629,689527
691403,691301
691404,691302
691405,691303
693092,692989
694835,694732
696870,696767
696871,696768
698894,698791
698896,698793
698898,698795
700892,700789
700893,700790
702864,702761
702865,702762
704778,704674
704779,704675
706886,706782
706888,706784
708768,708664
708773,708668
708774,708669
708775,708670
710610,710505
712523,712418
714641,714536
714642,714537
714643,714538
714645,714540
714647,714542
714648,714543
716362,716257
716364,716259
718093,717987
720090,719984
720092,719986
722339,722233
724348,724242
724349,724243
726209,726103
728266,728160
730361,730255
732262,732155
734278,734171
734279,734172
734280,734173
734281,734174
734282,734175
734283,734176
734284,734177
734285,734178
736342,736235
738251,738143
738252,738144
740023,739915
740024,739916
741787,741678
741788,741679
741789,741680
741791,741681
741792,741682
741794,741683
743747,743636
745742,745631
745743,745632
747667,747556
747668,747557
747669,747558
747674,747563
749311,749199
751174,751062
751175,751063
751176,751064
753226,753113
754798,754685
756842,756729
758784,758670
758785,758671
761066,760952
763080,762966
765166,765052
765168,765054
765169,765055
765170,765056
765171,765057
767258,767144
767259,767145
767260,767146
767261,767147
769335,769221
769336,769222
769337,769223
770920,770806
772912,772798
772913,772799
772915,772801
772917,772803
774914,774800
774915,774801
774916,774801
776857,776742
776858,776743
776859,776744
776860,776745
776861,776746
778901,778785
778902,778786
780743,780627
780744,780628
782648,782531
782650,782532
782651,782533
782652,782534
784517,784399
784518,784400
786422,786303
786423,786304
788403,788284
788404,788285
790320,790201
790321,790202
792266,792147
794339,794220
796248,796129
796249,796130
796250,796131
796251,796132
796252,796133
796253,796134
798104,797985
798105,797986
798106,797987
798107,797988
799954,799834
801821,801701
801822,801702
801824,801703
801829,801708
801830,801709
801831,801710
803718,803597
803719,803598
803720,803599
803721,803600
803722,803601
805284,805163
805285,805164
807238,807117
807239,807118
807240,807119
809045,808924
810836,810715
810837,810716
810838,810717
810839,810718
812863,812742
812865,812743
814790,814668
814792,814669
816677,816554
818794,818670
820612,820488
820613,820489
820627,820503
820628,820504
822563,822439
822564,822440
822565,822441
822566,822442
822567,822443
822568,822444
822569,822445
822570,822446
824368,824243
824369,824244
824370,824245
826524,826399
826525,826400
826527,826402
828489,828364
828491,828366
830468,830343
832229,832104
832230,832105
832231,832106
834129,834004
836058,835933
837887,837762
837888,837763
837889,837764
837894,837768
837898,837772
837899,837773
837900,837774
837901,837775
837902,837776
837903,837777
837904,837778
839985,839859
841988,841862
841989,841863
841990,841864
841991,841865
843912,843786
843913,843787
843914,843787
843915,843788
843916,843789
843917,843790
843918,843791
843919,843792
843923,843796
843924,843797
843925,843798
845454,845327
845455,845328
847361,847233
847362,847234
847364,847236
847366,847238
849201,849072
849202,849073
850874,850745
850877,850747
850879,850749
852917,852787
854851,854721
857015,856885
859052,858921
859054,858923
860519,860388
860520,860389
862403,862272
862405,862273
864463,864331
864465,864333
866223,866091
868481,868348
868482,868349
868483,868350
868490,868356
870379,870245
870381,870247
872096,871962
873539,873405
873541,873407
873543,873409
873545,873411
873547,873413
875568,875434
875569,875435
875570,875436
875571,875437
875572,875438
875573,875439
877446,877312
877447,877313
877448,877314
879417,879283
879426,879292
879427,879293
881689,881555
881690,881556
883528,883393
884987,884852
884988,884853
887125,886990
889103,888968
891103,890968
891104,890969
891105,890970
891106,890971
891107,890972
892749,892614
892750,892615
894583,894448
894585,894450
896808,896672
899030,898894
900852,900716
902719,902583
902720,902584
904596,904459
906548,906411
908627,908489
910879,910741
910880,910742
910881,910743
910882,910744
910884,910746
910885,910747
912898,912760
914943,914805
914945,914807
914947,914809
916860,916721
916861,916722
918604,918464
918608,918468
920631,920491
922326,922185
922327,922186
922328,922187
922329,922188
924221,924080
924222,924081
924223,924082
924224,924083
925791,925650
925792,925651
925793,925652
925794,925653
925795,925654
927895,927754
927896,927755
929970,929829
929972,929831
929974,929833
929976,929834
929978,929836
929980,929837
929982,929839
929984,929841
929986,929843
932085,931942
933877,933733
935728,935584
935729,935585
937508,937363
937509,937364
937514,937368
937515,937369
937516,937370
939486,939339
941157,941010
941159,941012
941161,941014
941163,941016
943307,943160
945275,945128
945276,945129
945277,945130
945278,945131
945283,945135
947182,947034
948792,948644
948793,948645
951201,951053
951202,951054
951203,951055
951204,951056
953179,953031
955039,954891
955040,954892
956817,956668
956818,956669
958669,958520
960460,960311
962683,962534
962684,962535
962685,962536
964494,964345
964495,964346
964497,964347
964498,964348
964499,964349
964500,964350
964501,964351
966387,966236
966388,966237
968262,968111
968263,968112
968265,968114
970144,969993
972013,971862
972014,971863
973781,973630
973782,973631
973784,973633
975648,975497
975649,975498
975650,975499
975651,975500
977600,977449
977601,977450
979499,979348
979501,979349
979503,979351
979504,979352
981548,981396
983701,983549
985376,985224
987322,987170
989049,988897
989050,988898
989051,988899
989052,988900
989053,988901
990973,990821
990974,990822
990975,990823
990976,990824
992974,992821
994876,994723
996692,996538
998537,998383
998539,998385
1000515,1000361
1002535,1002381
1002537,1002382
1002543,1002388
1002544,1002389
1002546,1002391
1004575,1004420
1004577,1004422
1004579,1004424
1004580,1004425
1004581,1004426
1004582,1004427
1004583,1004428
1004584,1004429
1004585,1004430
1006624,1006469
1008590,1008434
1010489,1010333
1010491,1010335
1012347,1012190
1012348,1012191
1012349,1012192
1014377,1014220
1014378,1014221
1016073,1015916
1016075,1015918
1018077,1017920
1020214,1020057
1020215,1020058
1020216,1020059
1022129,1021972
1022130,1021973
1022131,1021974
1022132,1021975
1022136,1021979
1022137,1021980
1024191,1024034
1024192,1024035
1024193,1024036
1024194,1024037
1024195,1024038
1026023,1025866
1027660,1027502
1027661,1027503
1027662,1027504
1029572,1029414
1029574,1029415
1029575,1029416
1029576,1029417
1031758,1031598
1033693,1033533
1035863,1035703
1035864,1035704
1037627,1037467
1037628,1037468
1039555,1039395
1041693,1041533
1041698,1041538
1043763,1043603
1043764,1043604
1043765,1043605
1045585,1045425
1047630,1047469
1047632,1047471
1049746,1049585
1051737,1051576
1051738,1051577
1051746,1051585
1053657,1053496
1055737,1055576
1055739,1055578
1057297,1057136
1057298,1057137
1057299,1057138
1057300,1057139
1057301,1057140
1057302,1057141
1057306,1057145
1057307,1057146
1057308,1057147
1057313,1057152
1059358,1059197
1061034,1060873
1062951,1062790
1064867,1064706
1064869,1064708
1064871,1064710
1064873,1064712
1067008,1066847
1067010,1066849
1067012,1066851
1068906,1068745
1070899,1070738
1072683,1072522
1072684,1072523
1074490,1074329
1074491,1074330
1074492,1074331
1074493,1074332
1076282,1076121
1078630,1078469
1078631,1078470
1078633,1078471
1080304,1080142
1080305,1080143
1080306,1080144
1082170,1082007
1082195,1082031
1082197,1082033
1082199,1082035
1082201,1082037
1083819,1083655
1083827,1083662
1085871,1085706
1088007,1087842
1088008,1087843
1088009,1087844
1089989,1089823
1090001,1089834
1090002,1089835
1091684,1091516
1091685,1091517
1091686,1091518
1093493,1093325
1093494,1093326
1093495,1093327
1093496,1093328
1095270,1095101
1097010,1096841
1097012,1096842
1097013,1096843
1097014,1096844
1098934,1098764
1098935,1098765
1100644,1100473
1102317,1102145
1102318,1102146
1104284,1104111
1104285,1104112
1104286,1104113
1104287,1104114
1104288,1104115
1106154,1105981
1107833,1107660
1107834,1107661
1107835,1107662
1107836,1107663
1109816,1109643
1109818,1109645
1111746,1111573
1111751,1111578
1111756,1111583
1111758,1111584
1111760,1111586
1111762,1111588
1113754,1113580
1113755,1113581
1115561,1115387
1115562,1115388
1115563,1115389
1115564,1115390
1117415,1117241
1117416,1117242
1119385,1119211
1119388,1119213
1119390,1119215
1121202,1121027
1122943,1122767
1122945,1122768
1122947,1122770
1122949,1122772
1125038,1124861
1125040,1124863
1126809,1126631
1128595,1128417
1128596,1128418
1128597,1128419
1130565,1130387
1132783,1132605
1134737,1134558
1134738,1134559
1136798,1136619
1136800,1136621
1136802,1136623
1136803,1136624
1136804,1136625
1138482,1138303
1138483,1138304
1140428,1140248
1140429,1140249
1140430,1140250
1142245,1142064
1144379,1144198
1146265,1146083
1146266,1146084
1148107,1147925
1148108,1147926
1148110,1147928
1148111,1147929
1148112,1147930
1148113,1147931
1149799,1149617
1151833,1151651
1154080,1153898
1156089,1155907
1156090,1155908
1156091,1155909
1156093,1155911
1156095,1155913
1156096,1155914
1156097,1155915
1157836,1157654
1157837,1157655
1159791,1159609
1161730,1161548
1163852,1163670
1163853,1163671
1165951,1165768
1165953,1165770
1165954,1165771
1165955,1165772
1165956,1165773
1167794,1167611
1170028,1169845
1170029,1169846
1172014,1171830
1172015,1171831
1172016,1171832
1173957,1173773
1175901,1175717
1175902,1175718
1177868,1177684
1177869,1177685
1177870,1177686
1177871,1177687
1177873,1177689
1179860,1179676
1179865,1179680
1179867,1179682
1181933,1181747
1181935,1181749
1183941,1183755
1183943,1183757
1183945,1183758
1183947,1183760
1186123,1185936
1186124,1185937
1188138,1187951
1190380,1190193
1190382,1190195
1190384,1190197
1192400,1192212
1194174,1193985
1194175,1193986
1194176,1193987
1194177,1193988
1194178,1193989
1194179,1193990
1196175,1195986
1198204,1198015
1198206,1198017
1200249,1200060
1202262,1202073
1202263,1202074
1204524,1204334
1204525,1204335
1204530,1204340
1206426,1206235
1206428,1206237
1208385,1208194
1208387,1208196
1208388,1208197
1208389,1208198
1210308,1210116
1210312,1210120
1212143,1211951
1212145,1211953
1212147,1211955
1214213,1214021
1214218,1214025
1216331,1216138
1216336,1216142
1216337,1216143
1218185,1217991
1218186,1217992
1218187,1217993
1219987,1219793
1221933,1221739
1223693,1223499
1225748,1225553
1227628,1227433
1227629,1227434
1227630,1227435
1227631,1227436
1227632,1227437
1227633,1227438
1227634,1227439
1227635,1227440
1229646,1229450
1229647,1229451
1231887,1231691
1231888,1231692
1231889,1231693
1233922,1233726
1233923,1233727
1233924,1233728
1233925,1233729
1233926,1233730
1233927,1233731
1233928,1233732
1235877,1235681
1235879,1235683
1237815,1237618
1239483,1239286
1239484,1239287
1239485,1239288
1241403,1241205
1241405,1241207
1243319,1243121
1245126,1244928
1247115,1246917
1249221,1249022
1249222,1249023
1250991,1250791
1250992,1250792
1250993,1250793
1250994,1250794
1250996,1250795
1251001,1250799
1251002,1250800
1251003,1250801
1251005,1250803
1251007,1250805
1252888,1252686
1254676,1254474
1256832,1256629
1259102,1258899
1259103,1258900
1259104,1258901
1259105,1258902
1259106,1258903
1259107,1258904
1260583,1260379
1262489,1262285
1262490,1262286
1262492,1262288
1262494,1262290
1262495,1262291
1264440,1264235
1264441,1264236
1264442,1264237
1264443,1264238
1264444,1264239
1264445,1264240
1264446,1264241
1264447,1264241
1264448,1264242
1266441,1266235
1266453,1266247
1268097,1267891
1268098,1267892
1270054,1269848
1270056,1269849
1270057,1269850
1270058,1269851
1271782,1271574
1271784,1271575
1271785,1271576
1271786,1271576
1271787,1271577
1271788,1271578
1273750,1273540
1273751,1273541
1273752,1273542
1273753,1273543
1273754,1273543
1273755,1273544
1273756,1273545
1273757,1273546
1273758,1273547
1273759,1273548
1275599,1275387
1275601,1275389
1275603,1275391
1277320,1277108
1277322,1277109
1277323,1277110
1277328,1277115
1277329,1277116
1279256,1279043
1279261,1279048
1280774,1280561
1280775,1280562
1280776,1280563
1280777,1280564
1282759,1282546
1282760,1282547
1284416,1284203
1284417,1284204
1284418,1284205
1284419,1284206
1284420,1284207
1284422,1284209
1284424,1284211
1286459,1286245
1286460,1286246
1286461,1286247
1288260,1288046
1288261,1288047
1288262,1288048
1288263,1288049
1289973,1289759
1289974,1289760
1289975,1289761
1289976,1289762
1289978,1289764
1289980,1289766
1291961,1291747
1291963,1291749
1291965,1291751
1293674,1293460
1293676,1293462
1295469,1295255
1295470,1295256
1295471,1295256
1295472,1295257
1295473,1295258
1297360,1297145
1297361,1297146
1297362,1297147
1299201,1298986
1299202,1298987
1299203,1298988
1299204,1298989
1300985,1300769
1300986,1300770
1302799,1302583
1302800,1302584
1302801,1302585
1304554,1304338
1306414,1306197
1306415,1306198
1306417,1306200
1308227,1308010
1309965,1309747
1312106,1311888
1314271,1314053
1314272,1314054
1316017,1315798
1316018,1315799
1316019,1315800
1316020,1315801
1316021,1315802
1318026,1317806
1318027,1317807
1319752,1319532
1319753,1319533
1319754,1319534
1321676,1321455
1321677,1321456
1323874,1323653
1325865,1325644
1327748,1327527
1327754,1327533
1327755,1327533
1327756,1327534
1327758,1327536
1327759,1327537
1327767,1327545
1329823,1329600
1331300,1331076
1331301,1331077
1331302,1331078
1333155,1332931
1333156,1332932
1333157,1332933
1333158,1332934
1333159,1332935
1333160,1332936
1333161,1332937
1335045,1334820
1337221,1336996
1339269,1339044
1339270,1339045
1339272,1339047
1341017,1340792
1342790,1342565
1344694,1344469
1344696,1344470
1344697,1344471
1344698,1344472
1346596,1346370
1346597,1346371
1346598,1346372
1346602,1346376
1346603,1346377
1346604,1346378
1346605,1346379
1346606,1346380
1346607,1346381
1346608,1346382
1348381,1348155
1348383,1348157
1348385,1348159
1350335,1350108
1352553,1352325
1352554,1352326
1354617,1354389
1356361,1356132
1358192,1357962
1359958,1359728
1359959,1359729
1359960,1359730
1361823,1361593
1361825,1361594
1363684,1363453
1365860,1365629
1365861,1365630
1365862,1365631
1365863,1365632
1367957,1367725
1369692,1369460
1369693,1369461
1369694,1369462
1369695,1369463
1371617,1371385
1373656,1373424
1373657,1373425
1375633,1375401
1375634,1375402
1375635,1375403
1377669,1377436
1377679,1377446
1377680,1377447
1377681,1377448
1379824,1379590
1381655,1381421
1381657,1381422
1381659,1381423
1383444,1383208
1383445,1383209
1383446,1383210
1383447,1383211
1383451,1383215
1383452,1383216
1385216,1384980
1385217,1384981
1385218,1384982
1385219,1384983
1387118,1386882
1389103,1388867
1390947,1390711
1390948,1390712
1390949,1390713
1390951,1390715
1390953,1390716
1390954,1390717
1392512,1392274
1392513,1392275
1394633,1394395
1394634,1394396
1394636,1394397
1394637,1394398
1396164,1395924
1396165,1395925
1396166,1395926
1396168,1395928
1396169,1395929
1396170,1395930
1397921,1397681
1399788,1399548
1399789,1399549
1399790,1399549
1399791,1399550
1399792,1399551
1399796,1399555
1401697,1401456
1401698,1401457
1401700,1401458
1403840,1403598
1405658,1405416
1407609,1407367
1407614,1407372
1409610,1409367
1411753,1411509
1411754,1411510
1413617,1413373
1415773,1415529
1417816,1417572
1417818,1417573
1417820,1417575
1417822,1417577
1419950,1419704
1421925,1421678
1423798,1423551
1423799,1423552
1425958,1425711
1425959,1425712
1425960,1425713
1425961,1425714
1427785,1427537
1427786,1427538
1427787,1427539
1429878,1429629
1429879,1429630
1429880,1429631
1429881,1429632
1431840,1431591
1431841,1431592
1433909,1433659
1433910,1433660
1435926,1435676
1435927,1435677
1437768,1437517
1439554,1439303
1439555,1439304
1441412,1441160
1441413,1441161
1441414,1441162
1441415,1441163
1443200,1442948
1445266,1445014
1445267,1445015
1445269,1445016
1447237,1446984
1447238,1446985
1449237,1448984
1451034,1450780
1451035,1450781
1451036,1450782
1452722,1452468
1452724,1452470
1452726,1452472
1452727,1452473
1452729,1452475
1452730,1452476
1452731,1452477
1452733,1452479
1454466,1454212
1454470,1454216
1454472,1454218
1456261,1456007
1458272,1458018
1460511,1460256
1460525,1460269
1461977,1461721
1461979,1461722
1463783,1463526
1465843,1465586
1467959,1467702
1467967,1467710
1470002,1469745
1470003,1469746
1470006,1469749
1471941,1471683
1473982,1473724
1476125,1475867
1477959,1477701
1480085,1479827
1480087,1479828
1482230,1481971
1482231,1481972
1482232,1481973
1482233,1481974
1483979,1483719
1485972,1485711
1485973,1485712
1485974,1485713
1485975,1485714
1487909,1487648
1487914,1487652
1487915,1487653
1487916,1487653
1487917,1487654
1490105,1489842
1490107,1489844
1490109,1489846
1492040,1491777
1492042,1491778
1492044,1491780
1493848,1493584
1493849,1493585
1493850,1493586
1493851,1493587
1495526,1495261
1495527,1495262
1495528,1495263
1497275,1497010
1497276,1497010
1497277,1497011
1499310,1499044
1501220,1500954
1502978,1502712
1504953,1504687
1504954,1504688
1506835,1506568
1506836,1506569
1508839,1508571
1508840,1508572
1510781,1510513
1512609,1512340
1512610,1512341
1514877,1514608
1514881,1514612
1514882,1514613
1514883,1514614
1514888,1514618
1516975,1516705
1516976,1516706
1518403,1518133
1518407,1518137
1518408,1518138
1518410,1518139
1518411,1518140
1518412,1518141
1518413,1518142
1518414,1518143
1518415,1518144
1518417,1518146
1518418,1518147
1518419,1518148
1518420,1518149
1518421,1518149
1518422,1518150
1518423,1518151
1518424,1518152
1518425,1518153
1520049,1519777
1521622,1521350
1521623,1521351
1521624,1521352
1523223,1522951
1523224,1522952
1524759,1524487
1524760,1524488
1524761,1524489
1524762,1524490
1524763,1524491
1526857,1526584
1526859,1526586
1526860,1526587
1528749,1528475
1528751,1528477
1530646,1530372
1530648,1530374
1530650,1530376
1532462,1532188
1532463,1532189
1532464,1532190
1534508,1534233
1534509,1534234
1534510,1534235
1534511,1534236
1534512,1534237
1536677,1536402
1538744,1538469
1538746,1538470
1540735,1540458
1542972,1542695
1544606,1544329
1544618,1544341
1544620,1544343
1544622,1544345
1546620,1546343
1548377,1548100
1548380,1548102
1548381,1548103
1548382,1548104
1548383,1548105
1548384,1548106
1548385,1548107
1548386,1548108
1548387,1548109
1550407,1550129
1552310,1552032
1554302,1554024
1554303,1554025
1554304,1554026
1554305,1554027
1554306,1554028
1556223,1555945
1558380,1558101
1558381,1558102
1558385,1558106
1558390,1558110
1560200,1559920
1560201,1559921
1560205,1559925
1560206,1559926
1560207,1559927
1560208,1559928
1560209,1559929
1560210,1559930
1560211,1559931
1560215,1559935
1560216,1559936
1561981,1561701
1563820,1563540
1563821,1563541
1563822,1563542
1563823,1563543
1565786,1565506
1565787,1565507
1567303,1567023
1567304,1567024
1569223,1568943
1569224,1568944
1571187,1570907
1571188,1570908
1573118,1572838
1573119,1572839
1573120,1572840
1573121,1572841
1573122,1572842
1574919,1574639
1576878,1576597
1578768,1578487
1578769,1578488
1578771,1578490
1578773,1578492
1578775,1578494
1580484,1580203
1580485,1580204
1580486,1580205
1582492,1582211
1582497,1582216
1582498,1582217
1584438,1584157
1584439,1584158
1586181,1585900
1586186,1585904
1586187,1585905
1586188,1585906
1588142,1587860
1590303,1590021
1592438,1592155
1592439,1592156
1592442,1592159
1594528,1594245
1594529,1594246
1594530,1594247
1594531,1594248
1594534,1594251
1596174,1595891
1596175,1595892
1596176,1595893
1596178,1595895
1596180,1595897
1598100,1597817
1599815,1599532
1599817,1599534
1599818,1599535
1599821,1599538
1599822,1599539
1601788,1601504
1601791,1601507
1603923,1603639
1603925,1603640
1606028,1605743
1607832,1607547
1607833,1607548
1609461,1609176
1609463,1609178
1609465,1609180
1611094,1610809
1613064,1612779
1613065,1612780
1613069,1612783
1613070,1612784
1613071,1612785
1613073,1612786
1613077,1612790
1613082,1612795
1613083,1612796
1615202,1614915
1615206,1614919
1615207,1614920
1615208,1614921
1617062,1616775
1617064,1616776
1617065,1616777
1618925,1618637
1618927,1618638
1620688,1620399
1620689,1620400
1620690,1620401
1622605,1622316
1622606,1622317
1622607,1622318
1624482,1624193
1624483,1624194
1626488,1626198
1626491,1626201
1626492,1626202
1626494,1626203
1628319,1628028
1628320,1628029
1628321,1628030
1628322,1628031
1629918,1629627
1629919,1629628
1629920,1629629
1629921,1629630
1629923,1629632
1629924,1629633
1629925,1629634
1629926,1629635
1629927,1629635
1629928,1629636
1629929,1629636
1629930,1629637
1629932,1629639
1631676,1631382
1631678,1631384
1631680,1631386
1631682,1631387
1631685,1631389
1633556,1633260
1635219,1634923
1635221,1634925
1636952,1636656
1638783,1638487
1640416,1640120
1640418,1640122
1640419,1640123
1640420,1640124
1642525,1642229
1642526,1642230
1644579,1644282
1646404,1646107
1648692,1648395
1650467,1650170
1652699,1652402
1654519,1654222
1654520,1654223
1654521,1654224
1654522,1654225
1654523,1654226
1654524,1654227
1656632,1656335
1656633,1656336
1658523,1658226
1660610,1660313
1660612,1660315
1662557,1662260
1664232,1663935
1664233,1663936
1664235,1663937
1664236,1663938
1666229,1665931
1666230,1665932
1668272,1667974
1668274,1667976
1668275,1667977
1668276,1667978
1670335,1670036
1672239,1671940
1674308,1674009
1674309,1674010
1674310,1674011
1675993,1675694
1678057,1677758
1679751,1679452
1679756,1679457
1679757,1679458
1679758,1679459
1679759,1679460
1679760,1679461
1679762,1679462
1679763,1679463
1679764,1679464
1681236,1680935
1683201,1682900
1685119,1684818
1685120,1684819
1685121,1684820
1685122,1684821
1685123,1684822
1687215,1686914
1689292,1688990
1691049,1690747
1691050,1690748
1691051,1690749
1692902,1692600
1695203,1694901
1697123,1696821
1697128,1696826
1699069,1698767
1701195,1700893
1701196,1700894
1701197,1700895
1701198,1700896
1702970,1702668
1702972,1702670
1702974,1702672
1704887,1704585
1704888,1704586
1704889,1704587
1704890,1704588
1704891,1704589
1704892,1704590
1706908,1706606
1706909,1706607
1708952,1708650
1711016,1710714
1711017,1710715
1711019,1710717
1711020,1710718
1711021,1710719
1711022,1710719
1711023,1710720
1712378,1712074
1712380,1712076
1712381,1712077
1712383,1712079
1712384,1712080
1712385,1712081
1712386,1712082
1712388,1712084
1712390,1712085
1712391,1712086
1712392,1712087
1712394,1712089
1712395,1712090
1713888,1713583
1715638,1715333
1717479,1717174
1717481,1717176
1719399,1719094
1719400,1719095
1721019,1720714
1721020,1720715
1722810,1722505
1724778,1724473
1726656,1726351
1728806,1728501
1730842,1730537
1730843,1730538
1730844,1730539
1732844,1732539
1732845,1732540
1732846,1732541
1734318,1734012
1734319,1734013
1736276,1735970
1736277,1735971
1736278,1735972
1736279,1735973
1738178,1737872
1738179,1737873
1738181,1737874
1738183,1737876
1738185,1737878
1739922,1739614
1739924,1739615
1741639,1741329
1743295,1742985
1745029,1744719
1745031,1744720
1746809,1746498
1748284,1747973
1748288,1747977
1750153,1749842
1751980,1751669
1753824,1753513
1753825,1753514
1755682,1755370
1755683,1755371
1757489,1757177
1759333,1759021
1759334,1759022
1759336,1759024
1759338,1759026
1760894,1760582
1762711,1762399
1764285,1763973
1764287,1763974
1764288,1763975
1766094,1765780
1766095,1765781
1766096,1765782
1768041,1767727
1768042,1767728
1769728,1769414
1769729,1769415
1769730,1769416
1769731,1769417
1769732,1769418
1769733,1769419
1771499,1771185
1771500,1771186
1773023,1772708
1773025,1772710
1774746,1774431
1776384,1776069
1777863,1777548
1777864,1777549
1779362,1779046
1779363,1779047
1780880,1780564
1780881,1780565
1782331,1782015
1782334,1782018
1782335,1782019
1782337,1782021
1783913,1783597
1783914,1783598
1785164,1784848
1786888,1786571
1788380,1788063
1788381,1788064
1788382,1788065
1788383,1788066
1788384,1788067
1789885,1789568
1789886,1789569
1791272,1790954
1791274,1790955
1792534,1792215
1793996,1793677
1793997,1793678
1793998,1793679
1793999,1793680
1794000,1793681
1794001,1793682
1795243,1794924
1796370,1796051
1796371,1796052
1796372,1796053
1796373,1796054
1797500,1797181
1798778,1798459
1798779,1798460
1798780,1798461
1798781,1798462
1798782,1798463
1799969,1799650
1799970,1799651
1801282,1800962
1802939,1802619
1802940,1802620
1802941,1802621
1803823,1803503
1803824,1803504
1803825,1803505
1803826,1803506
1804997,1804677
1804998,1804678
1806459,1806139
1806460,1806140
1806461,1806141
1806462,1806142
1807662,1807342
1808978,1808658
1808980,1808660
1808981,1808661
1808983,1808663
1808984,1808664
1810462,1810142
1810463,1810143
1810464,1810144
1810465,1810145
1810466,1810146
1811806,1811486
1813056,1812735
1813057,1812736
1814166,1813845
1814167,1813846
1814168,1813847
1815311,1814990
1815313,1814991
1815315,1814993
1815316,1814994
1816444,1816121
1816445,1816122
1817957,1817634
1819201,1818878
1819202,1818879
1819203,1818880
1819204,1818881
1819205,1818882
1819209,1818886
1819210,1818887
1819214,1818891
1820522,1820198
1821461,1821137
1821462,1821138
1822616,1822291
1823818,1823493
1823819,1823494
1824899,1824574
1826278,1825953
1827694,1827368
1827696,1827370
1828808,1828482
1828810,1828484
1830370,1830043
1830371,1830044
1830373,1830046
1830374,1830047
1831957,1831630
1831958,1831631
1831960,1831633
1831961,1831634
1831962,1831635
1833047,1832720
1833049,1832722
1834066,1833739
1835264,1834937
1836210,1835882
1836215,1835887
1837357,1837029
1838531,1838202
1838532,1838203
1839533,1839204
1840848,1840518
1840850,1840520
1840852,1840522
1840854,1840523
1841915,1841584
1841917,1841585
1841918,1841586
1841919,1841587
1842851,1842519
1842853,1842521
1843787,1843455
1844631,1844299
1845474,1845142
1845476,1845143
1845478,1845145
1846271,1845938
1847080,1846747
1847081,1846748
1847892,1847559
1848692,1848359
1848693,1848360
1849480,1849146
1849484,1849150
1849489,1849154
1849491,1849156
1850298,1849963
1850299,1849964
1850300,1849965
1850301,1849966
1851085,1850750
1851086,1850751
1851087,1850752
1851088,1850753
1851876,1851540
1852675,1852338
1853469,1853132
1854254,1853917
1855036,1854699
1855037,1854700
1855042,1854705
1855852,1855515
1856673,1856335
1856675,1856337
1857482,1857144
1858275,1857937
1859062,1858723
1859064,1858725
1859852,1859513
1860657,1860318
1860658,1860319
1861449,1861110
1862251,1861911
1862252,1861912
1863059,1862718
1863060,1862719
1863861,1863520
1864649,1864308
1864650,1864309
1864652,1864310
1865449,1865106
1866243,1865900
1867037,1866694
1867038,1866695
1867039,1866696
1867831,1867488
1867832,1867489
1867834,1867490
1868620,1868276
1868621,1868277
1869428,1869084
1870220,1869875
1871011,1870665
1871015,1870669
1871817,1871471
1871818,1871472
1872617,1872271
1873409,1873063
1873410,1873064
1873411,1873065
1873412,1873066
1873413,1873066
1873415,1873067
1873416,1873068
1873417,1873069
1874185,1873837
1874961,1874613
1875726,1875378
1875727,1875379
1875728,1875380
1876494,1876146
1877285,1876936
1878065,1877716
1878070,1877720
1878831,1878481
1879565,1879215
1879566,1879216
1880294,1879944
1881049,1880699
1881050,1880700
