3,3
6,6
8,8
965,965
2076,2075
3091,3090
3093,3091
3095,3092
3097,3094
4390,4387
4394,4390
4395,4391
5758,5754
6953,6949
6955,6950
6958,6952
6959,6953
6962,6955
8010,8003
8997,8990
8998,8991
8999,8992
9000,8993
9003,8996
9005,8998
9795,9788
9797,9790
10599,10592
10600,10593
11403,11396
11404,11397
11405,11398
11406,11399
12237,12230
12240,12233
13153,13145
14159,14151
14160,14152
15363,15354
15364,15355
16622,16613
16623,16614
17813,17803
17814,17804
17815,17805
17816,17806
18953,18942
18955,18943
18956,18944
20229,20217
21206,21194
22263,22251
23343,23331
23344,23332
24531,24519
24532,24520
24533,24521
24534,24522
24536,24524
24537,24525
25763,25751
25764,25752
25765,25753
25766,25754
26947,26935
28101,28089
28102,28090
29091,29078
29092,29079
29094,29081
29097,29083
29100,29085
29103,29087
30170,30154
31282,31265
31283,31266
32158,32140
32160,32142
32974,32956
33782,33764
33783,33765
34590,34572
34591,34573
34592,34574
34598,34580
34605,34586
34606,34587
34608,34588
34609,34589
34611,34591
34613,34592
34614,34593
34615,34594
35402,35381
35403,35382
36186,36165
36188,36166
36190,36167
36191,36168
37050,37027
37052,37029
37877,37854
37880,37857
37882,37859
38928,38905
38930,38906
39909,39885
39910,39886
39912,39888
39914,39890
39917,39893
39919,39895
39920,39896
40859,40835
41722,41698
42553,42529
43394,43368
43397,43370
44398,44370
44400,44372
44403,44374
45254,45225
46071,46042
46072,46043
46075,46046
46077,46047
46080,46050
46908,46878
47824,47794
48749,48718
48750,48719
48751,48720
48752,48721
48754,48723
48756,48725
48762,48731
49578,49547
49579,49548
50390,50358
50393,50359
50394,50360
50397,50363
51205,51170
51207,51171
51208,51172
51214,51178
51215,51179
51216,51180
51218,51182
51220,51184
52025,51989
52027,51990
52029,51992
52030,51993
52031,51994
52813,52775
52816,52777
53621,53582
54424,54385
55221,55182
55223,55183
55226,55186
56030,55990
56032,55991
56914,56873
56915,56874
57742,57700
58586,58543
58587,58544
59459,59416
60508,60465
61335,61291
61337,61293
61340,61295
62195,62150
62196,62151
62197,62152
62198,62153
62203,62157
62204,62158
63125,63079
63933,63887
63934,63888
63936,63889
64755,64708
65569,65521
65570,65522
65572,65523
66378,66329
66379,66330
66380,66331
66381,66332
67192,67143
67996,67947
68807,68758
68809,68759
69614,69564
69615,69565
70419,70369
70420,70370
70421,70371
71280,71230
71281,71231
71282,71232
71283,71233
71284,71234
71285,71235
72192,72141
72194,72143
73180,73129
74102,74051
74103,74052
74104,74053
75082,75030
75893,75841
75895,75842
76696,76643
77522,77468
77523,77469
77524,77470
77525,77471
78330,78276
78332,78277
79144,79088
79145,79089
79146,79090
79148,79092
79149,79093
79150,79094
79151,79095
79152,79096
79153,79097
79940,79884
80720,80664
81603,81547
81614,81558
82430,82374
82431,82375
82432,82376
83242,83185
84118,84061
84120,84063
84125,84067
84126,84068
84128,84070
85112,85054
85967,85909
85968,85910
85971,85912
86867,86808
87748,87688
87750,87690
87751,87691
87752,87692
87753,87693
87756,87696
88895,88835
89964,89903
91050,90989
91052,90990
92448,92386
93527,93465
93528,93466
93530,93467
93532,93468
94888,94823
94890,94824
96244,96178
96246,96180
97214,97147
97217,97150
98310,98242
98312,98243
99241,99172
100320,100251
101530,101461
102543,102474
103496,103427
103497,103428
103503,103434
103504,103435
103505,103436
104561,104492
105983,105914
107007,106937
107008,106938
107009,106939
107010,106940
108244,108173
108247,108175
109167,109095
109168,109096
110227,110155
110230,110157
110232,110159
111042,110969
111048,110975
111049,110976
111861,111788
112647,112573
112649,112574
112650,112575
112652,112576
112654,112577
112655,112578
112657,112579
112659,112581
112661,112583
112662,112584
112663,112585
113536,113458
114422,114344
114423,114345
114424,114346
114426,114348
116083,116005
116084,116006
117913,117834
119807,119728
119808,119729
121488,121409
121489,121410
123140,123061
123143,123063
124722,124642
124723,124643
124724,124644
124726,124646
124726,124645
124727,124646
126114,126033
126115,126034
127316,127234
127322,127240
127323,127241
127324,127242
128104,128022
128105,128023
128913,128830
128918,128835
128920,128837
129736,129652
129737,129653
130563,130479
131357,131273
131359,131274
131361,131275
132168,132082
132964,132878
132965,132879
133784,133697
133785,133698
133786,133699
133788,133701
133789,133702
133791,133704
134761,134673
134762,134674
135757,135668
135760,135670
136721,136631
136722,136632
137662,137572
137663,137573
137664,137574
137665,137575
138535,138444
138536,138445
138537,138446
138538,138447
138540,138448
138541,138449
139431,139339
139432,139340
140354,140261
141248,141154
142361,142266
142363,142268
142376,142280
143487,143391
143491,143395
144937,144840
144938,144841
145964,145867
145965,145868
147149,147052
147150,147053
148406,148308
148407,148309
148408,148310
149418,149320
150448,150350
151426,151328
152450,152351
152452,152352
152453,152353
153573,153473
153574,153474
154536,154436
154538,154438
155501,155401
156493,156393
157448,157347
157449,157348
157450,157349
157451,157350
157452,157351
157454,157352
157456,157354
158542,158440
159489,159387
159491,159389
159492,159390
160579,160477
160581,160478
160582,160479
161995,161891
163428,163324
163429,163325
165063,164958
166427,166321
167367,167261
168547,168441
168552,168445
168553,168446
169748,169641
169750,169642
171412,171304
171413,171305
171414,171306
171416,171307
172966,172856
174167,174057
174168,174058
175429,175318
176745,176634
176746,176635
176747,176636
176749,176637
176751,176638
176753,176639
176756,176642
176759,176644
176761,176645
177592,177476
178402,178285
179210,179093
179211,179094
179212,179095
180015,179898
180017,179900
180827,180710
180833,180716
181656,181539
181657,181540
181658,181541
181659,181542
182484,182367
182490,182373
182494,182377
182497,182380
183307,183190
183309,183192
184312,184195
185195,185078
185196,185079
186027,185910
186029,185911
187120,187002
187121,187003
187122,187004
188286,188168
189520,189402
189521,189403
189522,189404
189523,189405
190752,190634
192096,191978
193353,193235
193355,193237
193356,193238
194731,194613
195940,195822
196969,196851
196970,196852
197798,197680
197799,197681
197800,197682
198597,198479
198598,198480
198599,198481
198600,198482
198601,198483
198602,198484
198603,198485
199392,199274
200204,200085
200209,200090
200211,200092
201026,200906
201830,201710
201831,201711
202822,202702
202824,202704
202826,202706
202828,202707
203775,203653
203776,203654
204839,204716
204840,204717
204840,204717
205920,205797
207112,206988
208140,208016
208141,208017
208142,208018
208143,208019
208144,208020
209143,209019
209145,209020
210028,209903
211115,210990
211117,210991
212310,212183
212311,212184
213459,213331
213460,213332
213461,213333
213463,213334
213465,213336
214665,214536
214670,214540
214671,214541
214673,214543
214674,214544
215466,215336
215467,215337
215468,215338
215470,215339
216270,216139
217068,216937
217071,216938
217873,217740
217876,217743
217879,217746
217882,217749
217884,217750
217886,217751
218686,218551
219476,219341
219477,219342
219479,219343
220287,220150
220288,220151
221098,220961
221100,220962
221105,220966
221107,220968
221110,220970
221130,220986
221951,221807
222783,222638
222784,222639
222785,222640
222786,222641
222789,222644
222795,222650
222798,222652
223628,223481
223629,223482
223630,223483
224582,224435
225929,225781
227309,227161
227311,227162
228564,228414
228565,228415
230044,229894
230045,229895
230046,229896
231458,231308
233055,232905
234144,233994
234146,233996
235151,235001
236649,236499
236650,236500
236651,236501
236652,236502
236653,236503
236654,236504
236655,236505
237793,237643
238675,238525
238676,238526
238679,238529
238682,238531
239648,239496
240652,240500
241578,241425
241579,241426
242431,242278
243377,243224
243378,243225
243379,243226
244411,244258
245404,245251
246321,246168
246323,246170
246328,246175
246329,246176
246330,246177
247340,247187
247341,247188
247342,247189
247343,247190
248591,248438
249589,249436
249590,249437
249591,249438
249592,249439
250460,250306
250462,250307
251333,251177
251334,251178
251339,251182
251340,251183
252288,252131
252290,252132
252292,252133
253153,252993
253156,252996
253161,253001
254013,253852
254852,254691
255682,255520
255683,255521
255684,255522
256513,256350
256514,256351
256515,256352
256516,256353
256517,256354
257352,257189
258264,258101
258266,258103
258268,258105
259114,258950
259115,258951
259996,259832
259997,259833
259998,259834
259999,259835
260808,260644
260811,260647
261605,261441
261606,261442
261607,261443
262439,262275
262441,262277
262444,262280
263269,263105
263270,263106
263271,263107
264097,263932
264098,263933
264908,264743
264909,264744
264910,264745
264912,264746
265674,265508
265676,265510
265677,265511
265678,265512
265680,265513
265684,265516
266461,266292
267249,267080
267250,267081
268053,267883
268056,267885
268059,267887
268065,267893
268066,267894
268067,267895
268070,267897
269034,268861
269899,269726
270844,270671
270845,270672
270847,270674
270848,270675
271719,271546
272618,272444
272620,272446
273467,273293
274277,274103
274278,274104
274279,274105
275204,275029
275207,275031
275209,275032
276060,275882
276076,275898
276932,276754
276935,276757
276940,276762
277748,277570
277750,277571
277753,277573
278586,278405
279407,279226
280267,280086
281216,281035
281217,281036
281218,281037
281220,281038
281223,281040
281225,281041
282187,282003
282189,282005
282191,282006
282193,282007
283113,282927
283114,282928
283115,282929
283116,282930
283944,283758
283945,283759
284763,284577
284764,284578
284766,284579
284768,284581
285574,285387
286387,286200
286388,286201
286390,286202
287189,287000
287191,287002
287989,287799
287994,287803
287997,287806
287998,287807
287999,287808
288000,287809
288862,288671
289736,289545
289737,289546
289738,289547
290611,290420
290613,290422
291637,291446
291638,291447
292523,292331
293474,293282
294382,294190
294383,294191
295308,295115
295309,295116
295310,295117
295311,295118
295312,295119
295314,295120
296146,295952
296963,296769
296964,296770
296966,296771
297783,297588
298579,298383
298580,298384
298582,298385
298584,298387
298586,298389
299369,299172
299372,299175
299374,299177
299376,299179
300163,299966
300164,299967
300166,299969
300936,300739
300937,300740
301700,301502
301702,301504
301704,301506
302466,302268
302471,302272
302472,302273
302473,302274
302474,302275
302475,302276
302477,302277
303255,303055
303256,303056
303257,303057
304044,303844
304853,304653
304856,304656
304861,304661
305666,305466
306484,306284
306487,306287
306490,306289
306491,306290
307295,307094
307300,307099
307306,307105
307309,307108
307312,307110
308131,307929
308948,308745
309759,309556
309760,309557
309761,309558
309763,309559
310541,310337
310542,310338
310543,310339
311355,311151
311356,311152
311357,311153
311358,311154
311359,311155
312201,311996
313074,312868
313077,312871
314006,313800
314008,313802
315153,314946
315159,314952
315161,314954
315163,314956
316154,315946
316155,315947
317117,316909
317118,316910
317119,316911
317120,316912
318164,317956
318165,317957
318166,317958
318167,317959
318168,317960
319014,318805
319016,318806
319839,319628
319841,319629
319843,319631
320696,320483
320698,320485
320699,320486
320701,320487
320702,320488
320703,320489
320705,320490
321619,321404
321620,321405
321623,321408
321625,321410
321627,321412
322508,322293
323319,323103
323320,323104
323321,323105
323322,323106
323324,323107
323325,323108
324125,323907
324126,323908
324127,323909
324128,323910
324129,323911
324130,323912
324935,324717
324936,324718
325791,325573
325792,325574
325794,325576
326660,326442
326661,326443
326662,326444
327559,327341
327560,327342
327561,327343
328381,328163
328382,328164
329255,329037
330269,330051
330270,330052
331158,330940
331160,330942
331163,330945
332007,331789
332010,331791
332922,332702
332923,332703
332925,332705
332926,332706
333767,333547
333772,333552
333773,333553
334567,334347
334569,334349
334572,334351
335520,335298
336362,336140
336364,336142
336365,336143
337299,337077
337301,337078
337303,337080
337305,337082
337307,337083
337308,337084
337309,337085
338348,338124
339401,339177
339404,339180
340344,340120
340346,340121
341188,340963
341977,341752
342919,342694
343881,343656
343883,343658
343885,343660
343887,343662
343890,343664
344752,344526
345680,345454
345682,345456
345684,345458
346628,346402
346630,346404
346633,346407
346636,346409
346639,346412
346645,346418
347472,347245
348305,348078
349125,348897
349126,348898
349127,348899
349128,348900
349130,348901
349131,348902
349132,348903
349133,348904
349924,349695
349925,349696
350715,350486
350716,350487
350718,350489
350719,350490
351539,351310
351540,351311
352469,352240
353506,353276
353508,353278
354638,354408
354641,354411
355915,355685
355916,355686
357136,356906
357138,356907
358102,357871
358103,357872
358106,357873
359271,359037
359273,359038
359275,359040
359277,359042
360531,360296
361509,361274
361511,361276
361513,361278
362590,362355
363705,363469
365048,364812
365049,364813
365050,364814
366322,366085
366325,366086
366327,366087
366328,366088
366333,366093
367167,366927
367168,366928
367958,367718
367959,367719
368767,368527
369560,369319
369561,369320
370339,370098
371125,370883
371904,371662
371907,371664
371908,371665
371913,371669
371914,371670
371915,371671
371916,371672
372730,372485
372731,372486
372732,372487
372734,372488
373620,373373
373621,373374
374523,374275
375604,375356
376633,376385
377595,377347
377596,377348
377598,377350
378471,378223
378477,378229
379357,379109
379358,379110
379359,379111
379360,379112
379361,379113
379362,379114
379364,379116
379366,379117
379367,379118
380227,379978
380229,379979
380230,379980
381007,380757
381008,380758
381009,380759
381010,380760
381011,380761
381012,380762
381862,381612
382745,382495
383579,383329
383580,383330
383581,383331
384449,384199
384450,384200
384451,384201
384452,384202
384454,384203
384455,384204
385239,384988
385240,384989
386028,385776
386029,385777
386030,385778
386031,385779
386032,385780
386821,386568
386824,386571
386829,386576
386834,386581
387689,387436
387694,387440
388561,388307
388563,388309
388566,388312
388569,388314
388575,388320
388576,388321
389500,389244
389503,389247
389504,389248
390465,390208
391357,391099
391359,391100
391362,391103
392204,391945
392205,391946
393079,392820
393082,392822
393087,392827
394184,393924
394191,393930
395072,394811
395078,394817
395079,394818
395080,394819
396042,395781
396045,395784
396048,395787
396973,396712
396974,396713
396975,396714
396977,396716
397829,397568
397831,397569
398642,398380
398643,398381
399445,399183
400217,399954
400219,399956
400221,399958
400222,399959
400228,399965
401008,400745
401013,400750
401015,400752
401017,400754
401974,401710
401975,401711
402965,402700
402967,402701
402968,402702
403936,403670
403937,403671
403938,403672
403939,403673
403940,403674
405091,404825
405092,404826
405094,404828
405095,404829
405096,404830
405097,404831
406232,405965
406233,405966
407465,407197
407466,407198
408576,408308
409538,409270
409539,409271
410582,410314
410585,410317
411409,411141
412220,411951
413028,412759
413029,412760
413030,412761
413032,412762
413034,412763
413853,413582
413854,413583
414692,414421
415526,415255
416341,416069
416343,416070
416344,416071
417133,416860
417134,416861
417135,416862
417959,417686
417960,417687
418755,418482
418758,418484
418759,418485
418760,418486
419789,419515
420756,420482
420759,420485
420760,420486
421744,421468
422731,422454
422733,422455
423734,423455
424578,424299
424579,424300
424580,424301
425566,425286
425567,425287
425568,425288
425569,425289
425570,425290
425571,425291
425572,425292
426592,426312
426593,426313
426596,426315
426597,426316
426599,426317
427582,427299
428672,428388
429776,429492
430944,430660
432294,432010
432296,432012
432299,432015
433726,433442
434888,434604
434890,434606
436254,435970
436255,435971
437534,437250
437535,437251
437536,437252
438932,438648
440138,439854
441272,440987
442348,442062
442350,442063
443562,443275
444966,444678
444967,444679
446324,446036
446325,446037
447902,447613
447904,447614
447905,447615
449260,448970
449262,448972
450565,450274
450566,450275
451821,451529
451822,451530
451825,451533
451827,451535
452632,452340
453448,453155
454265,453971
454266,453972
454269,453975
454272,453977
454275,453980
454278,453983
455078,454783
455081,454786
455898,455602
456690,456393
456691,456394
456692,456395
457477,457180
457478,457181
457479,457182
458290,457993
458293,457996
459115,458818
459118,458820
459912,459614
460774,460476
460775,460477
460776,460478
461693,461395
461695,461397
461697,461399
462669,462371
463488,463190
463489,463191
463490,463192
464384,464086
464385,464087
464386,464088
464387,464089
464390,464091
465204,464904
466020,465720
466827,466526
466828,466527
466831,466530
467638,467337
467640,467338
467642,467340
467644,467342
468527,468225
468528,468226
469403,469101
470260,469958
471165,470863
471166,470864
472046,471744
472047,471745
472048,471746
472050,471748
472051,471749
472848,472545
472854,472551
473654,473351
474461,474158
475283,474980
475285,474981
475286,474982
475287,474983
475288,474984
475289,474985
475291,474986
476072,475767
476073,475768
476845,476539
476850,476543
476855,476548
477642,477334
477643,477335
477645,477336
477646,477337
478422,478113
479196,478886
479981,479671
479987,479675
480775,480462
481557,481243
482358,482044
483148,482834
483964,483649
483967,483651
484767,484451
485564,485248
486362,486045
486363,486046
487144,486827
487145,486828
487928,487610
487930,487611
488699,488380
489486,489167
490278,489959
490279,489960
490280,489961
490281,489962
491039,490720
491040,490721
491803,491484
492580,492261
493364,493045
493365,493046
494120,493801
494884,494565
495673,495354
495674,495355
