3063,3059
4667,4661
6276,6267
7906,7895
9442,9430
11037,11023
11874,11860
11984,11970
12852,12838
13679,13665
13681,13667
14493,14479
14495,14481
14498,14484
14500,14486
15240,15226
16013,15999
16016,16001
16020,16005
16819,16804
16823,16808
16826,16811
16828,16813
16831,16816
16833,16818
16835,16820
16837,16822
16839,16824
17575,17560
17578,17563
18318,18303
18320,18305
18322,18307
19101,19085
19104,19088
19844,19827
19846,19829
19848,19831
19851,19834
19853,19836
19855,19838
19857,19840
19859,19842
20610,20593
20612,20595
20615,20598
21390,21372
21392,21374
22159,22141
22928,22910
23697,23678
23699,23679
23701,23681
23704,23683
23706,23684
23715,23693
23717,23695
23724,23702
23726,23704
24503,24481
24506,24484
25267,25244
26022,25998
26757,26733
26760,26736
26762,26737
26764,26738
27545,27519
27547,27520
27550,27522
27552,27523
28321,28292
28324,28294
28326,28296
29096,29065
29097,29066
29099,29068
29101,29069
29853,29821
30612,30580
30614,30581
30616,30583
31382,31349
32136,32103
32138,32105
32904,32870
33672,33638
33674,33639
33676,33640
34440,34404
35219,35183
35221,35184
35224,35186
35227,35189
35232,35194
35234,35195
35236,35197
35237,35198
35239,35199
35242,35201
35244,35202
35246,35203
35248,35205
35250,35207
35996,35953
35998,35954
36773,36729
37517,37473
38282,38237
38284,38239
38287,38241
39049,39003
39050,39004
39052,39005
39054,39006
39056,39008
39058,39010
39060,39012
39062,39014
39064,39015
39066,39017
39847,39797
39849,39798
40624,40573
41389,41338
42184,42132
42186,42133
42930,42876
43675,43620
43677,43622
44431,44375
45201,45145
45971,45915
46715,46659
46716,46660
46718,46661
46719,46662
46721,46663
47482,47424
48242,48184
48243,48185
48245,48186
48246,48187
49001,48942
49003,48943
49004,48944
49006,48945
49773,49712
49774,49713
49775,49714
49776,49715
50532,50471
50533,50472
50535,50473
50537,50474
50542,50479
50544,50480
50546,50481
50547,50482
50549,50484
51302,51236
51303,51237
51304,51238
51306,51239
51308,51241
52064,51997
52803,52735
52805,52736
53550,53480
54310,54239
55096,55025
55097,55026
55099,55027
55849,55777
56584,56511
57348,57274
57352,57278
57354,57279
58119,58044
58930,58854
58931,58855
59731,59654
60516,60439
60518,60440
60519,60441
60521,60442
60523,60443
60524,60444
61291,61211
62081,62001
62086,62006
62088,62007
62090,62009
62092,62010
62844,62761
63609,63525
63610,63526
63612,63527
64374,64289
64376,64290
64378,64291
64379,64292
65125,65037
65885,65797
66637,66548
67391,67302
67393,67303
68176,68086
68911,68821
68913,68822
68914,68823
69675,69584
69676,69585
69678,69586
69679,69587
69681,69588
70451,70357
71184,71090
71185,71091
71949,71855
71951,71857
71954,71860
71956,71861
72708,72613
73559,73464
73561,73466
74318,74223
75082,74987
75083,74988
75085,74989
75088,74991
75090,74993
75092,74994
75848,75750
75849,75751
75851,75753
75853,75755
75855,75756
75857,75757
75859,75758
76613,76512
76614,76513
77363,77261
78117,78015
78887,78785
79639,79537
80381,80279
80383,80280
81146,81043
81147,81044
81915,81812
81917,81813
82679,82575
82681,82576
82686,82581
82688,82583
82690,82585
82692,82586
83444,83338
83446,83339
84210,84102
85003,84895
85004,84896
85005,84897
85760,85651
86524,86414
86525,86415
87271,87161
87272,87162
88025,87915
88026,87916
88758,88648
89522,89412
89527,89416
89529,89417
89531,89418
89533,89420
90306,90192
91044,90929
91781,91666
91782,91667
91784,91668
91786,91670
92525,92409
92527,92411
93286,93170
94050,93934
94819,94703
95555,95439
95556,95440
95558,95441
95563,95446
95565,95447
95567,95448
96340,96221
97101,96982
97103,96983
97105,96985
97106,96986
97107,96987
97869,97748
97870,97749
98643,98521
98645,98522
98646,98523
99447,99324
99452,99329
99453,99330
100214,100091
100976,100852
100978,100853
100979,100854
100981,100855
100983,100856
100984,100857
100986,100858
100987,100859
101776,101647
101777,101648
102563,102434
103346,103217
104114,103985
104115,103986
104892,104763
105663,105534
106430,106300
107178,107048
107179,107049
107180,107050
107939,107809
107940,107810
107941,107811
107942,107812
107944,107813
107946,107814
107948,107815
107950,107816
107952,107817
108688,108553
109445,109310
109446,109311
109447,109312
109452,109317
109454,109318
109455,109319
110206,110070
110207,110071
110951,110815
111725,111589
111730,111594
111731,111595
112475,112339
112476,112340
113213,113076
113982,113845
114748,114610
114749,114611
114750,114612
114751,114613
115507,115369
116275,116137
116276,116138
117012,116874
117772,117634
117773,117635
117776,117637
117778,117638
118543,118403
118544,118404
118545,118405
118546,118406
118547,118407
118548,118408
118549,118409
118550,118410
119307,119167
119308,119168
119310,119170
119311,119171
119313,119172
120084,119943
120085,119944
120846,120704
121601,121458
121603,121459
122346,122202
122347,122203
123112,122968
123863,123719
124615,124471
124616,124472
124618,124474
124620,124476
125368,125223
126127,125982
126128,125983
126129,125984
126919,126774
126920,126775
126921,126776
127701,127555
127702,127556
128450,128304
128451,128305
128456,128310
129216,129069
129981,129834
129982,129835
129984,129836
129985,129837
129986,129838
130743,130594
131512,131362
132285,132135
132286,132136
132287,132137
132288,132138
132289,132139
132290,132140
133031,132881
133768,133618
134496,134346
134497,134347
135245,135094
135246,135095
135247,135096
136002,135851
136003,135852
136752,136601
136753,136602
137517,137366
137519,137367
138293,138140
139048,138895
139800,139647
140544,140390
141308,141154
141313,141159
141314,141160
141316,141161
141318,141162
141320,141163
141321,141164
142063,141906
142064,141907
142066,141909
142068,141910
142813,142654
142814,142655
142815,142656
142816,142657
142817,142658
142818,142659
142820,142660
142821,142661
143559,143399
143560,143400
143561,143401
144315,144155
144316,144156
145112,144952
145113,144953
145118,144958
145119,144959
145120,144960
145895,145735
145896,145736
146685,146525
146687,146526
146688,146527
146690,146528
146692,146529
147442,147279
148186,148022
148187,148023
148931,148767
149695,149531
149696,149532
150468,150304
151240,151076
152018,151854
152020,151855
152787,152622
152789,152623
153535,153368
153537,153369
154293,154125
154294,154126
154296,154127
154297,154128
155095,154926
155875,155706
155876,155707
156632,156462
156633,156463
156634,156464
156635,156465
156636,156466
156638,156467
156639,156468
157398,157227
157399,157228
158156,157985
158157,157986
158925,158754
159696,159525
159697,159526
159702,159531
160455,160284
160456,160285
161260,161088
162042,161870
162820,162647
163585,163411
164352,164177
164353,164178
164354,164179
164355,164180
164356,164181
165125,164950
165126,164951
165127,164952
165128,164953
165898,165723
166673,166498
167430,167255
167431,167256
167432,167257
167433,167258
168198,168023
168199,168024
168201,168025
168202,168026
168203,168027
168962,168786
168963,168787
168965,168788
168966,168789
168967,168790
168969,168791
169762,169584
169763,169585
169765,169587
169766,169588
169768,169589
170522,170343
170523,170344
171300,171121
172085,171906
172087,171908
172872,172693
172873,172694
172875,172696
172877,172697
173655,173474
173656,173475
173657,173476
174447,174265
174448,174266
175238,175055
175239,175056
176005,175822
176006,175823
176007,175824
176762,176579
176764,176580
176765,176581
177533,177349
177538,177354
177539,177355
177540,177356
177542,177357
177543,177358
178341,178155
178342,178156
179102,178916
179104,178917
179105,178918
179110,178923
179111,178924
179112,178925
179113,178926
179114,178927
179115,178928
179117,178930
179885,179698
180657,180469
180659,180471
180660,180472
181407,181219
182139,181951
182140,181952
182145,181957
182915,182726
183684,183494
184425,184235
184426,184236
184427,184237
184428,184238
184430,184239
184431,184240
184432,184241
185172,184981
185930,185739
185931,185740
186674,186483
187425,187234
187426,187235
187427,187236
188173,187982
188174,187983
188938,188747
189715,189523
189716,189524
190465,190273
190466,190274
190467,190275
190468,190276
191249,191056
192014,191821
192015,191822
192020,191826
192762,192568
192763,192569
192765,192570
193523,193328
193524,193329
193525,193330
193526,193331
194313,194118
194314,194119
194315,194120
194316,194121
194317,194122
194318,194123
195079,194884
195080,194885
195082,194886
195084,194887
195845,195648
195847,195649
196579,196381
196580,196382
196582,196383
196587,196388
197336,197137
197338,197139
197340,197140
197341,197141
198097,197897
198099,197898
198869,198668
198871,198670
199633,199432
199634,199433
200387,200185
200389,200186
201166,200963
201925,201722
201927,201723
201928,201724
202689,202485
203453,203248
203454,203249
203455,203250
203456,203251
203458,203253
204214,204008
204961,204755
205702,205496
205703,205497
205704,205498
205705,205499
206446,206240
207190,206984
207936,207730
208673,208467
208674,208468
209421,209215
209422,209216
210189,209983
210191,209984
210192,209985
210193,209986
210939,210732
210940,210733
210941,210734
211696,211489
211698,211490
211699,211491
211700,211492
211701,211493
212491,212283
213287,213079
213288,213080
213289,213081
213290,213082
214045,213837
214046,213838
214047,213839
214048,213840
214792,214583
215536,215326
216283,216073
217028,216818
217033,216822
217034,216823
217796,217585
217798,217586
217799,217587
217800,217588
218589,218377
218591,218378
218592,218379
219361,219148
219362,219149
220126,219913
220894,220680
221644,221430
221645,221431
221646,221432
221647,221433
222409,222195
223150,222936
223151,222937
223152,222938
223906,223692
223907,223693
223908,223694
224664,224450
224666,224451
224667,224452
224668,224453
224669,224454
224671,224455
224672,224456
225447,225231
225448,225232
225449,225233
226220,226004
226983,226766
226984,226767
226985,226768
226986,226769
227769,227552
227770,227553
227772,227554
228534,228316
228535,228317
229279,229061
229281,229063
229286,229067
229287,229068
230048,229829
230049,229830
230050,229831
230051,229832
230824,230605
231576,231357
231577,231358
231578,231359
232316,232096
233081,232860
233082,232861
233083,232862
233839,233618
233840,233619
233842,233620
233843,233621
233844,233622
233845,233623
233846,233624
233848,233625
234624,234401
235385,235162
235386,235163
235388,235164
236145,235920
236889,236663
236890,236664
236891,236665
236892,236666
237635,237409
238399,238173
238400,238174
238401,238175
238402,238176
238403,238177
239164,238937
239165,238938
239166,238939
239915,239687
240674,240446
240676,240447
240678,240449
240683,240453
240684,240454
240685,240455
240686,240456
241445,241215
241446,241216
242206,241976
242207,241977
242208,241978
242209,241979
242992,242761
243758,243527
244531,244300
244532,244301
244537,244306
245293,245061
246052,245820
246053,245821
246054,245822
246817,246585
246819,246586
246824,246591
246829,246596
246830,246597
246831,246598
247610,247377
247612,247378
247613,247379
248338,248104
248339,248105
249089,248855
249826,249592
250570,250336
250571,250337
251296,251062
251297,251063
251298,251064
251299,251065
251300,251066
252061,251827
252062,251828
252833,252598
253566,253330
253567,253331
253569,253332
253574,253337
253575,253338
253576,253339
254330,254093
255072,254834
255073,254835
255816,255577
255817,255578
255818,255579
255819,255580
256589,256349
256590,256350
256591,256351
256592,256352
257354,257114
257355,257115
257356,257116
257358,257117
257359,257118
258106,257864
258107,257865
258108,257866
258109,257867
258110,257868
258111,257869
258112,257870
258113,257871
258856,258614
258857,258615
258858,258616
258859,258617
259599,259357
260341,260099
260342,260100
260343,260101
260344,260102
260345,260103
260348,260105
260349,260106
261090,260847
261821,261578
261822,261579
261823,261580
261824,261581
261825,261582
262571,262328
262572,262329
262574,262330
262575,262331
263363,263119
264130,263886
264131,263887
264132,263888
264895,264651
264896,264652
264897,264653
265648,265403
265649,265404
266425,266180
267176,266930
267177,266931
267178,266932
267179,266933
267939,267692
267940,267693
267941,267694
267943,267696
267944,267697
268696,268449
268701,268454
269473,269225
270232,269983
270233,269984
270234,269985
271000,270751
271768,271519
271769,271520
272528,272279
272530,272281
273286,273037
273287,273038
273288,273039
273290,273040
273291,273041
273292,273042
273293,273043
273294,273044
274084,273834
274086,273835
274088,273836
274912,274660
275714,275462
276519,276267
277302,277049
278068,277815
278069,277816
278070,277817
278071,277818
278072,277819
278831,278578
279604,279351
279605,279352
279606,279353
279607,279354
279609,279356
279610,279357
279611,279358
279612,279359
279617,279363
280375,280121
280376,280122
281142,280888
281144,280889
281145,280890
281147,280891
281148,280892
281149,280893
281150,280894
281151,280895
281152,280896
281908,281651
282695,282437
282696,282438
283453,283195
283458,283200
284209,283951
284987,284729
285775,285517
286535,286277
286536,286278
287303,287045
287304,287046
287305,287047
288052,287794
288053,287795
288054,287796
288849,288591
288850,288592
288851,288593
289635,289376
290418,290159
291178,290919
291932,291673
291933,291674
291934,291675
291935,291676
292696,292436
292697,292437
292698,292438
292699,292439
293466,293205
293467,293206
293468,293207
293469,293208
294237,293976
294238,293977
295000,294739
295784,295522
295786,295523
296533,296269
297299,297035
297301,297036
297302,297037
298098,297833
298875,298609
299645,299379
299647,299380
299648,299381
299649,299382
299650,299383
299651,299384
299652,299385
299653,299386
299654,299387
299655,299388
300429,300161
300430,300162
300431,300163
301206,300938
301987,301718
302780,302510
302781,302511
303553,303283
304305,304035
304306,304036
304307,304037
305064,304793
305065,304794
305070,304798
305821,305549
305822,305550
305823,305551
305825,305553
305826,305554
305828,305555
305829,305556
306608,306335
306609,306336
307360,307087
307361,307088
308113,307840
308114,307841
308872,308599
309638,309365
309639,309366
309640,309367
310398,310125
310400,310127
310401,310128
311192,310919
311193,310920
311195,310921
311968,311693
312711,312435
313466,313190
314221,313945
314223,313947
314224,313948
314225,313949
314974,314697
314975,314698
315751,315473
315753,315474
315754,315475
316531,316252
316532,316253
316533,316254
316534,316255
317320,317041
317321,317042
317322,317043
317323,317044
317324,317045
318080,317800
318081,317801
318083,317802
318839,318558
318840,318559
319604,319322
319605,319323
320360,320078
320361,320079
321110,320828
321111,320829
321880,321597
321881,321598
321882,321599
321883,321600
321884,321601
321885,321602
322658,322374
323443,323158
324190,323905
324941,324655
324942,324656
324943,324657
325709,325423
325710,325424
325711,325425
325712,325426
326494,326208
326496,326210
327257,326970
327258,326971
327260,326972
327262,326973
327263,326974
328003,327714
328004,327715
328005,327716
328006,327717
328008,327719
328761,328472
328762,328473
329504,329215
329505,329216
329506,329217
329507,329218
329508,329219
330266,329977
330267,329978
330268,329979
330269,329980
330270,329981
330271,329982
330272,329983
330273,329984
330274,329985
331072,330783
331073,330784
331814,331525
331815,331526
332564,332274
332565,332275
332566,332276
333316,333026
333317,333027
334106,333816
334888,334597
334889,334598
334890,334599
335647,335356
336420,336129
336421,336130
336422,336131
337155,336864
337889,337598
338618,338327
339371,339080
339372,339081
339373,339082
339374,339083
339375,339084
339376,339085
340125,339833
340872,340580
340873,340581
340878,340585
340879,340586
340880,340587
340881,340588
341656,341363
342426,342133
342427,342134
342429,342135
343234,342940
343235,342941
344044,343749
344832,344536
344837,344541
344838,344542
345583,345287
345584,345288
345585,345289
345586,345290
345587,345291
345588,345292
345589,345293
345591,345294
345592,345295
345594,345297
345595,345298
345596,345299
345597,345300
345598,345301
345599,345302
345600,345303
346359,346062
347103,346806
347852,347555
347853,347556
347854,347557
347855,347558
348605,348308
348606,348309
349346,349048
349347,349049
350114,349816
350115,349817
350851,350553
350852,350554
350853,350555
350855,350556
350856,350557
351620,351321
351622,351322
351623,351323
352360,352060
353104,352804
353846,353546
354585,354285
354586,354286
355346,355046
356091,355791
356092,355792
356842,356542
357601,357301
357602,357302
357603,357303
357605,357304
357606,357305
357607,357306
358370,358069
358371,358070
359125,358824
359126,358825
359889,359586
360665,360362
361449,361146
361450,361147
361451,361148
361452,361149
361453,361150
361455,361151
361456,361152
361457,361153
361458,361154
362247,361943
362248,361944
362249,361945
362250,361946
363013,362709
363014,362710
363015,362711
363783,363479
363784,363480
364547,364243
364548,364244
365296,364991
365297,364992
366042,365737
366043,365738
366045,365739
366046,365740
366047,365741
366048,365742
366829,366523
367601,367295
368349,368042
368350,368043
368352,368045
368353,368046
368354,368047
368355,368048
369114,368807
369119,368811
369124,368815
369857,369548
369858,369549
370605,370295
371374,371064
372120,371810
372121,371811
372122,371812
372123,371813
372125,371814
372881,372569
372882,372570
373647,373334
374400,374087
375157,374843
375158,374844
375912,375597
375913,375598
376652,376337
376653,376338
377404,377088
378183,377867
378184,377868
378940,378624
379704,379387
379705,379388
380447,380129
380448,380130
380449,380131
381199,380881
381200,380882
381201,380883
381952,381634
382692,382374
382693,382375
383482,383164
383483,383165
384227,383908
384228,383909
384229,383910
384983,384664
384984,384665
385751,385431
386515,386194
386516,386195
387268,386947
387269,386948
388002,387681
388004,387682
388005,387683
388765,388443
388766,388444
388767,388445
389523,389200
389524,389201
389526,389202
389527,389203
390285,389961
390286,389962
391065,390741
391070,390746
391071,390747
391813,391489
391814,391490
