4067,4063
5739,5732
7374,7365
8932,8922
9740,9729
10617,10605
11445,11433
11449,11437
12280,12268
12284,12272
12287,12275
13143,13131
14026,14013
14915,14902
14921,14908
15768,15755
15771,15757
15773,15759
16616,16602
16619,16605
16622,16608
16625,16611
16628,16614
16631,16617
16634,16620
17492,17478
18345,18330
19151,19136
19154,19139
19158,19143
19931,19916
19934,19919
19936,19921
19939,19924
20738,20723
21540,21524
22327,22310
23146,23129
23915,23897
23918,23900
23921,23903
23925,23906
24791,24771
25655,25635
25658,25638
26485,26465
26487,26467
26490,26470
26492,26472
27287,27266
28053,28032
28824,28802
28826,28804
28829,28807
28832,28810
28834,28812
29604,29582
30383,30361
31161,31139
31991,31968
31993,31970
31995,31972
32875,32852
32877,32854
33755,33731
33757,33733
33759,33735
33761,33737
33764,33740
33767,33743
34532,34507
34534,34509
34536,34511
34539,34513
34541,34515
34543,34517
34545,34519
34547,34521
35353,35326
35356,35329
36194,36166
37063,37034
37066,37036
37925,37894
37927,37896
37929,37898
37931,37900
37939,37908
38740,38708
38746,38714
38748,38716
38751,38719
38755,38722
38758,38725
38760,38727
38762,38729
38764,38731
39559,39526
40365,40332
40367,40334
41184,41150
41948,41913
41950,41915
41952,41917
41954,41919
41956,41921
41958,41923
41961,41926
41963,41928
42859,42824
42863,42828
43749,43714
43751,43716
43753,43718
44621,44585
44624,44588
44626,44590
45391,45355
45393,45357
46165,46129
46943,46906
47733,47696
47736,47699
48503,48465
48505,48467
48508,48470
49410,49371
49413,49374
49415,49376
49418,49379
50249,50210
51033,50994
51035,50996
51037,50998
51805,51766
52576,52537
52578,52539
52580,52541
53366,53326
53368,53328
53370,53330
54154,54114
54156,54116
54158,54118
54160,54120
54162,54122
54164,54124
54166,54126
54168,54128
54170,54130
54172,54132
54175,54134
55046,55004
55048,55006
55050,55008
55052,55010
55057,55015
55936,55894
56727,56685
57512,57470
58297,58254
58299,58256
59117,59073
59119,59075
59121,59077
59123,59079
59900,59856
59902,59858
60743,60699
61631,61586
61633,61588
61635,61590
62467,62422
63255,63210
63258,63213
63260,63215
64046,64001
64826,64780
64828,64782
65605,65558
66377,66330
66379,66332
66381,66334
66383,66336
67202,67155
67207,67160
68093,68046
68095,68048
68975,68927
68977,68929
69776,69728
70575,70526
71373,71324
72171,72122
72964,72915
72966,72917
72968,72919
72970,72921
73784,73734
73786,73736
73788,73738
73790,73740
74702,74652
75579,75528
75581,75530
75584,75533
75586,75535
75588,75537
76363,76312
76365,76314
76367,76316
76369,76318
77166,77114
77168,77116
77954,77902
78739,78686
78741,78688
78746,78693
79539,79486
80358,80304
81255,81200
82158,82102
83044,82987
83046,82989
83862,83805
83864,83807
83866,83809
83868,83811
84667,84609
84669,84611
85478,85419
86289,86229
86295,86234
86300,86239
87110,87049
87112,87051
87115,87054
87117,87056
88006,87944
88902,88839
88904,88841
88906,88843
88912,88848
89762,89698
89768,89703
90603,90538
91410,91345
92185,92119
92187,92121
92189,92123
92195,92128
92197,92130
92199,92132
92999,92931
93001,92933
93003,92935
93005,92937
93007,92939
93009,92941
93011,92943
93921,93852
93923,93854
93925,93856
94738,94668
94740,94670
95511,95440
96307,96235
96309,96237
96311,96239
97127,97055
97129,97057
97131,97059
97136,97064
97138,97066
97934,97862
97936,97864
98765,98693
98767,98695
99668,99596
100528,100456
100530,100458
101311,101239
102077,102004
102079,102006
102084,102011
102866,102792
103643,103569
103645,103571
104425,104350
105189,105114
105950,105875
106801,106725
106803,106727
107695,107619
108558,108482
108560,108484
108562,108486
109360,109284
110138,110061
110140,110063
110142,110065
110144,110066
110146,110068
110148,110070
110153,110075
110935,110857
110937,110859
110939,110860
111741,111662
111743,111664
111745,111666
111747,111668
111749,111670
111751,111671
111753,111673
112653,112573
112655,112575
112657,112577
112660,112580
112662,112582
112665,112585
112668,112587
112670,112589
113435,113354
114207,114126
114997,114916
115777,115696
116552,116470
116554,116472
116556,116474
116558,116476
116560,116478
117343,117260
117345,117262
117347,117264
118192,118108
119079,118995
119963,119879
119965,119881
120734,120650
120736,120652
121508,121424
121510,121426
122312,122228
123082,122998
123084,123000
123855,123770
123857,123771
123859,123772
124657,124569
124659,124571
124661,124572
124663,124574
125468,125378
125470,125380
125472,125382
125474,125384
125476,125386
125478,125387
126288,126197
127094,127003
127927,127836
127929,127838
128751,128660
128753,128662
129593,129502
130432,130340
130434,130342
130436,130344
130438,130346
130440,130348
131280,131187
131282,131189
132098,132005
132100,132007
132102,132009
132104,132011
132106,132013
132108,132015
132892,132799
132894,132801
133665,133571
134433,134338
135200,135105
135202,135107
135204,135108
135205,135109
135974,135878
136795,136698
136797,136700
137632,137535
138496,138398
139335,139237
139337,139239
139339,139241
139341,139243
140157,140059
141014,140915
141844,141745
142744,142645
143575,143476
143577,143478
144368,144269
145151,145051
145933,145833
145935,145835
145937,145837
145939,145839
145941,145841
145943,145843
145945,145844
145947,145846
146730,146629
146732,146631
146734,146633
147616,147514
147618,147516
147620,147518
148508,148406
148513,148411
148515,148412
149330,149227
149332,149229
149334,149231
149337,149233
150111,150006
150113,150008
150900,150795
150902,150796
150904,150798
151695,151589
152489,152383
153326,153220
153328,153221
154217,154110
154219,154111
155091,154983
155096,154988
155887,155778
156678,156568
156680,156570
156682,156572
156684,156573
157458,157347
157460,157349
157462,157351
158259,158147
158261,158149
159047,158934
159896,159782
160728,160614
161573,161459
161575,161461
162449,162334
162451,162336
163340,163225
163342,163227
163344,163228
164197,164081
164199,164082
164201,164084
164203,164086
165010,164893
165015,164898
165837,165720
165839,165722
166651,166534
167426,167309
167428,167311
168257,168139
168259,168141
168261,168143
168263,168145
168265,168146
168267,168148
169136,169016
169141,169021
169143,169023
169939,169818
169941,169820
169943,169822
170725,170604
171504,171382
172320,172197
172322,172198
173103,172979
173877,173753
174748,174623
175618,175492
175620,175493
175622,175494
176492,176364
177370,177242
177372,177244
177374,177246
177376,177248
178165,178037
178167,178039
178169,178041
178941,178812
178943,178813
179735,179605
179737,179606
180527,180396
181295,181164
181297,181166
181300,181168
181302,181170
181304,181172
182187,182055
182189,182057
182971,182839
182973,182840
182975,182841
182977,182843
182979,182844
182981,182845
182983,182846
182985,182847
183760,183622
183763,183625
184556,184418
184558,184419
185340,185201
186125,185986
186940,186801
187793,187654
187795,187655
188684,188544
188686,188545
189552,189411
189554,189412
189557,189414
189559,189416
189564,189421
190396,190253
190398,190254
191188,191044
191190,191045
191957,191811
191959,191813
191961,191814
191963,191816
191965,191817
192734,192585
193512,193363
193514,193365
193516,193367
194368,194219
194370,194221
194372,194222
194374,194223
194376,194225
195222,195070
195224,195071
195226,195073
196005,195852
196791,196638
196793,196639
197584,197430
197586,197432
197591,197437
197593,197438
197595,197439
197597,197441
197599,197442
197601,197444
197603,197445
198391,198233
198393,198235
198395,198237
198397,198238
198399,198239
199233,199073
200133,199972
201033,200872
201035,200873
201897,201735
201899,201737
202678,202516
203473,203311
204250,204088
205022,204860
205024,204862
205026,204863
205795,205631
205797,205632
205799,205634
206574,206409
206576,206411
206578,206412
206580,206413
206582,206415
206584,206416
206586,206418
206588,206420
207465,207297
208250,208082
208252,208084
209040,208872
209042,208874
209044,208876
209813,209645
210596,210428
210598,210430
211375,211207
212156,211987
212974,212805
213842,213673
214745,214576
214747,214577
214749,214579
215606,215436
215608,215438
215610,215439
216397,216226
216399,216227
216401,216229
217184,217011
217186,217013
217989,217816
217991,217817
217993,217818
218804,218629
218806,218631
218808,218632
218810,218633
218812,218635
219605,219428
220455,220278
221339,221162
221344,221167
221346,221169
222194,222017
222196,222019
222198,222021
222200,222023
222978,222801
223762,223584
224541,224363
225333,225155
225335,225156
226123,225944
226125,225945
226896,226716
226898,226718
226900,226719
226902,226721
226904,226723
226906,226725
227831,227650
227833,227651
227835,227652
228657,228473
228659,228475
228661,228477
228663,228478
229478,229292
230284,230097
230286,230099
230288,230100
231094,230906
231883,231694
231885,231695
231887,231696
232714,232523
232716,232525
232718,232527
233621,233429
233623,233430
233625,233432
233627,233434
233629,233436
233631,233438
233633,233439
233635,233441
234431,234237
234433,234239
235220,235025
236045,235849
236047,235850
236828,236631
237628,237430
238416,238217
238418,238218
238420,238220
238422,238222
238427,238227
238429,238228
239341,239140
239343,239142
240194,239992
240195,239993
240982,240780
240984,240781
241759,241556
241761,241558
241763,241559
242574,242370
242576,242371
243340,243134
244112,243906
244899,244693
244901,244694
244903,244695
245782,245574
245784,245576
245786,245577
245791,245582
245793,245583
245798,245588
246583,246372
247372,247160
247374,247162
247376,247164
248161,247949
248958,248745
248960,248746
248962,248748
249736,249521
249738,249522
250520,250304
250522,250305
251326,251108
251328,251109
251330,251110
252161,251941
252971,252751
252973,252753
252975,252754
252977,252756
253783,253562
254644,254423
254646,254425
255504,255282
255506,255283
256360,256137
257226,257003
257228,257004
257230,257005
257232,257007
258076,257851
258078,257852
258079,257853
258084,257858
258086,257860
258948,258721
258950,258722
259792,259563
259794,259564
259796,259565
260594,260363
260596,260365
260597,260366
260599,260367
261372,261140
261374,261141
262136,261903
262929,262696
263763,263530
264582,264349
264584,264350
265417,265182
266259,266024
267091,266855
267092,266856
267094,266857
267096,266859
267921,267684
268756,268519
268758,268520
269672,269434
269674,269436
269676,269438
270525,270286
270527,270287
270529,270289
271319,271079
272112,271872
272114,271874
272932,272692
273727,273486
273729,273487
274509,274266
275293,275049
275295,275050
275297,275051
275299,275052
276173,275925
276175,275926
276177,275927
277090,276840
277959,277709
277961,277710
277963,277711
278756,278504
278758,278505
279542,279288
279544,279289
280314,280058
280316,280059
281093,280835
281094,280836
281096,280838
281098,280839
281100,280840
281105,280845
281896,281635
282760,282499
283634,283372
284486,284224
284488,284225
285290,285027
286056,285792
286840,286575
286842,286576
286843,286577
286845,286579
286847,286581
286849,286582
286851,286584
286853,286586
286855,286588
286857,286590
286859,286591
287681,287412
288472,288202
288474,288203
289337,289066
290211,289939
290213,289940
290214,289941
290216,289943
291006,290733
291008,290734
291811,291536
291813,291537
292611,292335
292613,292336
292615,292337
292617,292338
292619,292340
292621,292342
292623,292343
293403,293123
293404,293124
293406,293125
293407,293126
293409,293128
294244,293963
294246,293965
295131,294849
295133,294850
295135,294852
295137,294853
295139,294854
295999,295714
296000,295715
296002,295716
296794,296508
296796,296509
296798,296510
296800,296511
296805,296516
297576,297287
297581,297292
297583,297293
297585,297295
298360,298070
298362,298071
298364,298072
298365,298073
298367,298074
298369,298075
298371,298076
298373,298077
299151,298855
299957,299661
299959,299662
299961,299664
299963,299665
299965,299666
299967,299667
300841,300540
300843,300542
300845,300543
300847,300544
301609,301305
301611,301306
302387,302082
302389,302083
303161,302854
303931,303623
304721,304413
304723,304414
304724,304415
305504,305195
305506,305196
306372,306061
307229,306918
307231,306919
307233,306920
307235,306922
307237,306924
308058,307745
308060,307746
308062,307748
308064,307749
308066,307750
308068,307751
308866,308549
308868,308550
309633,309314
309635,309315
310401,310081
310403,310083
310404,310084
310406,310085
311183,310862
311185,310863
312002,311680
312004,311682
312876,312554
313729,313407
314577,314255
314579,314256
314581,314257
314583,314259
315394,315070
315396,315071
316226,315901
316228,315903
317024,316698
317026,316700
317836,317509
317838,317510
318674,318345
318676,318347
318678,318349
319580,319251
320449,320119
321352,321022
321354,321023
321356,321025
321358,321026
321359,321027
321361,321029
322140,321808
322933,322601
323731,323399
324508,324176
324509,324177
324511,324178
324513,324179
324515,324181
324517,324182
324519,324183
324521,324184
324522,324185
324524,324187
325379,325042
325384,325047
326242,325904
327028,326690
327812,327474
327814,327476
328610,328272
329383,329045
329385,329046
329387,329047
329389,329049
329391,329050
329393,329051
330190,329847
330192,329849
330194,329851
330195,329852
331059,330716
331954,331611
331956,331613
332799,332456
333580,333236
333582,333237
333584,333238
334360,334014
334362,334015
335140,334792
335142,334794
335144,334795
335149,334800
335151,334801
335925,335575
336713,336363
336715,336365
337583,337233
338471,338120
338473,338122
339364,339012
340145,339793
340924,340572
341693,341340
341694,341341
342482,342129
342484,342130
342489,342135
342491,342136
342493,342137
343283,342926
343284,342927
344096,343739
344098,343740
344100,343741
344102,343742
344104,343743
345017,344656
345886,345525
346722,346361
346724,346362
346726,346364
347512,347150
347517,347155
347519,347157
347521,347158
347523,347159
347525,347160
347527,347161
347529,347163
347531,347165
347533,347167
347535,347168
347537,347169
348327,347959
348329,347961
349125,348757
349998,349629
350000,349630
350002,349631
350004,349633
350006,349635
350008,349637
350010,349638
350012,349639
350014,349641
350819,350446
350821,350447
350823,350448
350825,350449
351623,351247
351625,351249
352401,352025
352402,352026
352403,352027
352405,352029
352407,352030
353183,352806
353185,352807
353187,352808
354039,353659
354040,353660
354919,354539
355796,355416
355801,355421
355806,355426
355811,355431
355813,355433
355815,355435
355817,355436
355822,355441
356596,356215
356598,356216
356600,356217
357375,356991
357377,356993
357379,356995
357381,356997
357383,356998
358177,357792
358946,358560
359826,359440
359828,359441
359830,359442
360737,360349
360742,360354
360744,360355
360749,360360
360751,360361
360753,360363
361569,361179
361571,361180
361573,361182
361575,361183
362361,361968
362362,361969
362364,361970
363156,362762
363158,362764
363160,362766
363913,363519
364700,364306
365498,365104
366319,365925
366321,365927
367143,366749
367146,366751
367148,366753
367153,366758
367154,366759
367159,366764
367161,366765
367989,367593
367991,367594
368805,368408
368807,368409
368809,368411
368811,368412
369643,369243
369645,369244
369647,369246
370482,370081
370484,370082
370486,370083
370488,370084
370490,370085
370492,370087
370493,370088
370495,370089
370497,370090
370499,370091
371331,370922
372149,371740
372984,372575
372985,372576
372987,372578
373790,373381
374597,374188
375392,374982
376169,375759
376171,375761
376173,375762
376175,375764
376177,375766
376178,375767
376981,376569
376983,376571
376985,376572
377831,377418
378645,378232
379458,379045
380260,379847
380262,379849
381089,380675
381091,380677
381093,380679
381094,380680
381915,381501
381917,381502
382750,382334
382751,382335
382753,382336
383591,383174
383593,383176
384440,384023
385279,384862
385281,384863
386099,385681
386903,386485
387704,387286
387705,387287
387707,387288
387709,387289
387711,387290
387712,387291
388509,388087
388511,388088
389296,388872
389298,388873
389299,388874
389301,388875
389303,388876
390083,389656
390085,389657
390087,389659
390901,390473
391716,391287
392570,392140
393475,393045
394335,393905
395149,394719
395151,394720
395153,394722
395155,394723
395931,395499
395933,395500
395935,395502
395936,395503
396705,396272
397485,397052
398262,397828
399041,398607
399809,399374
400631,400196
401517,401081
401519,401082
401521,401084
401523,401086
401525,401087
402311,401872
402313,401874
402314,401875
402316,401876
403135,402695
403913,403473
403915,403474
403917,403475
403919,403477
404725,404282
405515,405071
406355,405911
406357,405912
406359,405914
406361,405915
406363,405917
406365,405919
407181,406734
407183,406736
407983,407536
408757,408309
409526,409078
409528,409080
409530,409081
410301,409852
411086,410637
411088,410638
411885,411435
411887,411436
412692,412241
412694,412243
413540,413089
414431,413979
414433,413980
414435,413981
414437,413982
414439,413983
414441,413984
414443,413985
415219,414761
415220,414762
415988,415529
415990,415530
415992,415531
416756,416295
416758,416296
416760,416297
417535,417072
417537,417073
418319,417855
418320,417856
418322,417857
418324,417858
418326,417859
419196,418729
420113,419645
420992,420523
420994,420524
421810,421340
421812,421342
421814,421343
421815,421344
422626,422155
422627,422156
422629,422158
423424,422953
424189,423718
424194,423723
424988,424517
424990,424519
424992,424521
424994,424523
424996,424525
424998,424526
425887,425414
425889,425416
426672,426199
426674,426201
427490,427016
427495,427021
427500,427026
427502,427027
427504,427029
427506,427030
428321,427845
429121,428644
429937,429460
430772,430295
430777,430300
431685,431207
432554,432075
433347,432868
434142,433663
434927,434448
435706,435227
435708,435228
436533,436053
436534,436054
437330,436850
437332,436851
438135,437654
438137,437656
439024,438543
439928,439447
440813,440332
440815,440334
440817,440335
440819,440336
441594,441111
441596,441112
442383,441898
443161,442675
443163,442676
443941,443454
444728,444240
445529,445041
445531,445042
446381,445892
