29,28
68,67
72,71
1114,1113
1117,1116
2064,2062
3006,3004
3009,3006
3015,3012
3017,3014
4367,4364
4371,4368
5700,5697
5704,5701
6927,6924
6929,6926
6931,6928
6933,6930
6936,6933
6939,6936
6942,6938
8051,8046
8054,8049
8056,8051
8059,8053
8062,8055
8928,8921
8931,8924
9789,9782
9793,9786
10654,10647
10658,10651
11575,11568
11580,11573
11582,11575
12705,12698
13782,13774
13785,13777
13788,13780
13792,13783
15087,15078
15089,15080
15096,15087
16266,16255
16269,16258
16273,16261
16285,16272
17469,17455
18702,18687
18705,18690
18710,18694
19833,19817
19836,19819
19838,19821
19842,19824
20802,20783
21766,21746
22718,22697
22720,22699
22723,22701
22725,22703
22728,22705
22731,22708
22734,22711
22736,22713
23671,23647
23674,23649
23676,23651
23678,23653
23681,23655
24630,24603
24633,24606
25632,25604
25634,25606
26815,26787
28056,28027
28059,28030
28061,28032
28065,28035
28072,28041
29116,29085
29132,29101
29138,29106
29141,29109
30534,30501
31850,31817
31852,31819
31856,31823
31861,31828
31865,31831
31868,31834
33111,33077
33115,33081
34430,34395
34433,34398
35431,35395
35433,35397
35435,35399
35438,35401
35440,35403
36419,36382
36422,36385
37385,37348
37388,37350
38461,38422
38464,38424
39458,39417
39459,39418
39460,39419
39462,39421
39464,39423
39466,39424
39469,39426
40325,40282
41178,41134
42065,42021
42067,42023
42951,42906
42955,42909
42959,42913
43868,43822
43871,43825
44753,44706
44756,44709
45593,45546
45602,45555
45604,45556
45607,45558
46479,46429
46482,46432
46485,46434
46489,46438
46491,46440
47335,47284
47338,47287
48178,48127
48183,48131
48187,48134
48192,48138
48195,48141
48203,48149
49084,49030
49086,49032
49088,49034
49090,49036
49093,49038
49097,49042
49958,49903
49960,49905
49962,49907
49966,49911
49974,49919
50846,50791
50849,50793
51907,51850
51910,51853
53049,52992
54203,54146
54205,54148
55353,55295
56470,56412
56472,56414
56474,56416
57682,57624
57684,57626
58707,58649
59629,59571
59632,59574
59634,59576
60675,60617
61744,61685
61746,61687
62763,62704
62783,62724
62786,62726
62788,62728
63872,63812
63878,63818
64794,64734
65831,65770
65834,65773
65837,65776
66892,66830
68072,68009
69423,69359
69425,69361
70768,70704
70770,70706
70772,70708
72251,72187
73671,73607
75049,74985
75051,74987
76448,76383
76450,76385
76455,76390
77902,77837
79128,79062
79132,79066
79136,79070
79140,79073
80195,80128
80197,80130
80203,80136
80213,80145
80215,80147
80217,80149
81125,81057
82048,81979
82052,81982
82056,81986
82063,81993
82993,82923
84035,83964
85000,84929
85004,84933
85987,85916
85989,85918
85991,85920
85996,85924
87080,87008
87082,87010
87089,87017
87095,87023
88560,88488
89771,89699
89775,89702
89779,89705
91089,91015
91091,91017
92501,92427
93763,93688
95151,95075
96557,96481
96560,96484
96564,96488
96571,96495
97825,97749
97827,97751
98863,98787
99766,99690
99768,99692
99774,99698
99781,99705
99784,99708
99787,99711
100628,100552
100635,100559
101595,101519
101598,101522
102455,102378
102457,102380
102458,102381
102460,102382
102462,102384
103348,103270
103350,103272
103352,103274
104218,104139
104220,104141
105037,104957
105040,104960
105879,105798
105881,105800
105884,105802
105887,105805
105893,105811
105896,105814
106742,106659
107635,107551
107637,107553
107641,107556
108508,108422
108510,108424
109374,109288
110280,110193
111183,111095
111187,111098
112102,112013
112108,112019
112110,112021
113214,113125
114435,114346
114437,114348
115561,115472
115606,115517
115610,115520
117096,117006
118451,118361
119863,119773
119869,119778
121316,121224
121318,121226
122578,122486
122580,122487
122591,122498
122602,122509
122604,122511
123912,123818
123914,123820
123916,123822
123928,123834
125475,125381
125481,125386
125483,125388
126631,126536
126634,126539
127873,127777
127875,127779
127877,127781
127879,127783
128889,128793
128891,128795
129760,129664
129764,129668
130620,130524
130621,130525
130622,130526
131474,131377
131478,131380
131482,131384
132345,132247
132348,132250
132351,132253
132355,132257
132359,132260
132361,132262
133277,133178
134365,134266
134373,134274
134376,134277
134379,134279
135338,135238
136392,136292
136394,136294
136400,136300
136404,136304
137275,137174
138168,138067
139069,138968
139071,138969
139074,138971
139076,138973
139078,138975
140005,139902
140007,139904
140930,140827
140933,140830
141968,141864
141972,141867
143001,142896
143004,142898
143006,142900
143010,142903
143013,142905
144182,144074
144185,144077
145486,145378
145497,145389
145505,145397
146689,146581
146691,146583
147956,147847
147958,147849
149012,148903
149014,148905
149016,148907
149018,148909
149020,148911
149023,148914
149025,148916
150031,149921
151025,150914
151027,150916
152260,152148
153722,153610
153725,153613
153728,153615
153730,153617
153732,153619
155198,155085
156255,156142
157262,157149
157264,157150
158672,158558
158673,158559
158675,158561
158677,158563
159600,159486
160427,160313
160429,160314
160434,160319
161262,161147
161266,161151
162118,162003
162121,162006
162124,162009
162995,162880
163846,163731
164689,164574
164691,164575
164694,164578
164696,164580
164700,164583
164703,164585
164706,164588
165573,165455
165576,165458
165578,165460
166586,166466
167775,167655
167777,167656
168735,168613
168737,168615
168739,168617
169889,169767
169891,169769
171153,171031
172311,172188
173348,173225
173353,173230
174576,174453
174578,174455
175597,175474
175600,175477
175603,175480
175606,175483
176943,176820
176945,176822
178298,178175
179525,179402
179528,179405
180695,180571
180697,180573
181628,181503
181629,181504
181630,181505
181633,181508
181636,181511
181639,181514
181642,181517
181644,181519
182587,182462
182590,182464
183408,183282
183411,183285
184265,184139
184268,184142
185126,184999
185134,185006
185137,185009
185982,185853
185984,185855
185987,185857
186807,186677
186809,186679
186813,186681
186815,186683
186817,186685
187727,187595
188688,188556
188690,188558
189741,189609
189743,189611
189745,189613
190805,190672
191796,191663
191799,191666
191801,191668
191804,191671
192823,192690
193905,193772
193908,193775
193910,193777
193912,193778
194876,194742
195796,195662
195798,195664
196756,196621
197672,197537
197675,197540
197678,197543
197682,197546
198600,198464
199494,199357
199496,199358
199511,199373
200387,200249
200389,200251
200393,200255
200395,200257
201376,201237
201378,201239
202436,202297
203499,203360
204836,204696
206215,206074
206218,206076
206221,206079
206223,206081
206225,206083
208038,207896
209610,209467
210912,210768
212829,212685
212831,212687
212833,212688
212836,212691
214518,214373
216359,216214
216361,216216
216363,216218
216365,216220
216367,216222
217991,217846
217993,217848
219406,219260
220382,220235
220385,220238
221519,221372
221521,221374
222670,222523
222672,222525
223668,223521
223670,223523
223672,223525
223674,223527
223686,223528
223691,223533
223693,223535
223696,223537
223698,223539
224527,224368
224530,224371
225383,225224
225385,225226
225387,225228
225390,225231
226439,226279
227391,227230
227393,227232
228316,228155
228318,228156
229510,229347
229512,229348
229514,229350
230702,230538
230704,230540
232057,231893
233531,233367
234906,234742
234908,234743
234914,234749
234916,234751
234921,234756
234924,234758
236211,236045
237710,237544
237713,237547
239228,239061
239230,239063
239235,239067
240451,240283
240454,240286
240455,240287
240457,240289
240459,240291
240461,240292
240463,240293
240466,240296
240470,240300
241341,241171
242222,242051
243096,242925
243098,242927
243100,242929
243983,243812
244872,244701
244874,244703
244879,244708
244881,244709
244883,244711
244885,244713
245776,245604
245778,245606
246877,246705
246879,246707
246883,246709
246885,246711
247852,247678
248746,248572
248748,248574
248750,248576
249933,249759
250913,250738
250915,250740
251955,251779
251957,251781
252970,252794
253966,253790
253969,253793
254959,254782
254962,254785
254965,254788
255851,255673
256733,256555
257589,257411
257591,257413
257596,257418
257599,257421
257603,257423
257605,257425
257607,257426
258477,258296
258487,258306
259365,259183
259367,259185
259370,259188
259372,259190
259375,259193
260244,260061
260246,260063
261131,260948
261135,260952
261139,260954
261141,260956
261143,260958
262034,261849
262036,261851
262039,261853
262908,262722
262913,262727
262916,262730
263798,263611
263800,263613
263802,263615
263806,263619
264726,264539
264730,264543
265648,265461
265652,265464
265655,265466
266589,266400
266592,266402
266594,266404
267524,267334
267527,267337
267529,267338
267531,267340
268720,268529
268723,268532
269696,269504
269700,269508
270702,270510
271689,271497
271692,271500
271694,271502
271696,271504
272867,272675
272869,272676
274162,273969
275360,275167
276634,276441
276636,276442
276639,276445
276641,276447
276643,276449
277801,277607
277804,277610
277822,277628
279198,279004
280898,280704
280900,280706
282319,282125
282321,282127
282323,282129
283611,283416
283614,283419
284702,284507
286036,285841
286038,285843
286040,285845
286043,285848
287018,286823
287019,286824
287022,286827
287024,286829
287913,287718
288785,288589
289895,289699
289901,289704
289903,289706
289905,289708
290819,290622
290821,290624
291777,291580
291780,291582
291782,291584
292695,292497
292697,292499
293667,293469
293670,293472
294577,294379
294578,294380
294580,294382
294582,294384
295476,295278
296387,296189
296389,296191
297426,297228
298410,298211
299502,299303
299504,299305
299507,299308
299509,299310
299511,299312
299513,299314
300475,300276
300477,300277
300479,300279
301596,301396
301598,301398
301600,301400
301602,301402
302469,302269
302471,302270
303356,303154
303358,303156
303361,303159
303364,303162
304212,304010
304215,304013
305062,304860
305064,304862
305894,305692
305895,305693
305899,305697
305905,305703
305908,305706
305910,305708
306764,306562
306768,306565
306771,306568
307618,307415
307620,307417
308475,308272
308478,308274
309348,309144
309350,309146
309352,309148
310385,310180
310388,310183
311618,311413
311620,311415
312610,312405
312613,312407
312616,312410
313779,313573
313782,313575
314761,314554
314763,314556
314766,314559
315846,315639
315849,315642
316688,316481
317552,317345
317555,317348
317557,317350
317559,317352
317563,317356
317566,317358
318397,318189
318399,318190
319265,319056
319266,319057
319269,319060
320103,319894
320105,319896
320107,319898
321049,320840
321927,321717
321929,321719
321936,321725
321939,321727
322968,322754
322970,322755
322972,322757
323915,323699
323917,323700
323919,323702
324902,324685
324904,324687
325978,325760
325981,325762
325987,325767
327254,327034
328525,328305
328528,328308
328530,328310
328532,328312
329989,329769
329996,329776
331330,331109
331335,331114
331337,331116
332502,332281
332504,332283
333652,333431
334771,334550
334774,334553
334777,334555
335857,335634
335860,335637
335862,335639
335864,335641
336936,336713
336938,336715
336940,336717
336942,336719
338066,337843
339134,338911
340427,340204
340429,340206
341805,341582
341807,341584
341812,341589
341814,341591
341816,341593
343435,343212
344596,344373
344598,344374
345988,345763
347119,346894
347121,346896
347123,346898
347125,346900
347127,346902
348428,348202
348430,348204
348432,348205
348433,348206
349378,349151
349380,349152
349382,349154
350449,350220
350452,350223
350454,350225
350456,350227
351418,351189
351420,351191
351422,351193
351424,351195
351426,351197
351428,351199
352412,352182
352414,352184
353310,353080
353312,353082
353315,353085
354188,353958
354190,353960
354193,353963
354196,353966
354199,353969
354203,353972
354206,353975
354209,353978
355127,354896
355129,354898
355132,354901
355134,354902
356028,355796
356885,356653
356888,356656
356892,356659
356895,356662
356897,356663
356899,356665
357793,357558
357795,357559
357797,357561
358937,358701
358939,358703
359880,359644
360938,360702
362142,361906
362145,361909
362148,361912
363288,363052
363290,363054
364255,364019
364257,364021
365173,364936
365176,364938
365178,364940
365180,364942
366128,365890
366133,365895
366135,365896
366137,365897
366973,366732
366975,366734
366978,366736
367857,367614
367860,367617
368867,368624
369939,369695
369941,369696
369943,369698
369945,369700
369947,369702
369949,369704
371043,370798
371045,370800
372100,371855
372103,371857
372107,371860
373210,372962
374170,373922
375076,374828
375078,374830
375999,375751
376001,375753
376004,375756
376007,375759
376915,376667
377975,377727
377978,377730
377980,377732
379027,378779
379030,378782
379034,378786
379037,378789
380009,379760
380011,379762
380013,379764
380018,379769
380927,380678
381814,381565
381815,381566
381817,381568
381820,381571
381822,381573
381824,381575
381826,381576
381828,381578
381830,381580
382668,382418
382670,382420
383489,383239
383491,383241
383499,383248
383505,383254
383507,383256
384406,384155
385509,385258
386654,386402
386656,386404
386658,386406
387801,387549
387803,387550
387805,387552
388938,388685
390288,390035
390290,390037
390295,390042
391357,391103
391359,391105
391361,391107
392396,392142
392398,392143
392401,392146
393632,393377
395052,394797
395054,394799
395056,394800
396239,395983
397669,397413
398971,398715
398973,398717
398976,398720
398981,398725
398984,398728
398986,398730
400377,400120
400380,400123
401534,401277
401536,401279
402788,402531
403990,403733
405162,404905
406446,406189
406448,406191
406450,406192
407656,407397
407659,407400
407662,407403
407665,407406
407668,407409
408680,408421
409641,409380
410593,410331
410595,410332
410609,410346
410611,410348
410612,410349
410613,410350
410615,410352
410616,410353
410618,410355
411455,411192
412300,412037
412303,412040
413150,412887
413152,412888
413154,412890
413160,412896
413174,412910
414007,413743
414009,413744
414010,413745
414012,413747
414013,413748
414014,413749
414015,413750
414018,413753
414020,413754
414877,414611
415760,415493
415762,415495
415764,415497
415766,415499
415768,415501
417004,416737
417007,416740
418364,418097
419783,419516
421073,420806
422595,422328
422597,422330
422599,422332
422601,422334
424369,424101
424372,424104
425748,425479
425751,425481
427536,427265
429361,429090
429363,429092
429365,429094
429364,429093
431126,430855
432533,432262
434183,433912
434185,433913
434187,433915
434190,433918
434193,433921
434196,433924
434199,433927
435171,434898
436351,436078
436353,436080
436355,436082
436358,436085
436360,436087
436363,436090
437210,436937
437213,436940
437216,436942
438091,437817
438093,437819
438951,438677
438954,438680
438957,438682
439814,439539
439816,439540
439818,439542
440770,440494
441696,441419
441698,441420
441699,441421
441701,441423
441703,441424
441706,441426
442858,442578
443986,443706
443988,443708
443990,443710
443992,443712
445269,444989
446588,446308
447859,447579
449097,448817
449099,448819
449101,448821
449103,448823
450389,450109
450393,450112
451469,451188
451472,451191
451474,451192
451476,451194
451478,451196
452454,452172
452455,452173
453356,453074
453358,453076
453359,453077
453361,453078
453362,453079
453365,453082
453368,453085
454247,453964
454249,453965
454251,453966
455199,454913
455202,454916
455204,454918
455207,454921
455208,454922
456105,455818
456107,455819
457411,457123
458654,458366
458656,458368
458658,458370
459724,459436
460833,460545
461987,461699
461990,461701
463245,462956
463248,462959
463250,462961
463252,462962
464252,463961
464254,463963
465259,464968
465265,464970
466283,465988
466285,465990
467485,467189
467487,467191
467489,467193
467491,467195
468717,468421
468719,468423
469907,469611
471057,470760
471059,470762
471061,470764
472543,472245
472545,472247
474210,473912
475674,475376
475677,475379
477075,476777
478307,478009
479395,479097
479398,479099
479401,479102
479404,479105
479406,479107
479408,479109
479411,479112
480765,480466
480767,480468
480770,480470
482059,481759
482061,481761
482063,481763
482065,481764
482067,481766
483257,482956
484518,484217
485669,485367
487059,486756
488810,488507
489044,488741
490431,490127
492026,491722
493407,493103
493410,493105
494784,494478
494786,494479
494788,494481
494790,494482
496254,495945
497439,497130
498707,498398
499866,499557
500976,500667
500985,500676
500988,500679
502129,501820
503373,503064
504768,504458
504771,504461
504774,504464
504776,504466
506112,505802
507371,507061
507372,507062
507373,507063
508588,508277
508590,508279
508593,508282
508596,508285
509455,509143
509457,509145
510480,510168
511467,511155
512376,512063
512379,512064
512380,512065
512382,512067
513344,513029
514396,514081
514398,514083
514400,514085
515487,515172
515489,515174
516968,516653
517033,516718
518617,518302
518688,518373
520403,520088
522177,521862
524020,523704
524022,523706
525821,525505
525824,525508
527653,527337
527655,527338
527657,527340
527659,527341
527661,527343
529100,528782
530368,530050
530370,530051
530372,530053
531509,531190
531511,531192
532443,532123
532445,532124
532448,532127
532450,532128
533304,532982
533306,532984
534186,533864
534188,533866
534190,533868
535096,534773
535098,534774
535982,535658
535984,535660
536995,536670
536998,536673
537944,537618
537947,537621
539010,538683
540029,539702
540031,539703
540032,539704
541073,540744
541075,540746
541082,540752
542012,541682
542016,541686
542956,542626
543888,543558
543890,543560
543892,543562
543894,543564
543896,543565
544837,544506
544839,544508
544842,544511
545749,545418
545754,545423
546656,546324
546661,546329
546662,546330
546664,546332
546666,546333
547557,547224
548456,548123
549343,549009
549368,549033
550251,549915
551128,550792
551989,551653
552874,552537
553750,553412
554618,554280
555523,555185
555525,555186
556394,556054
556396,556055
557184,556842
557186,556844
557998,557655
558000,557657
558807,558464
559603,559260
560397,560054
560399,560056
560401,560058
561222,560879
561224,560881
561226,560883
562019,561676
562822,562478
562824,562480
563616,563272
564393,564049
565219,564875
566057,565713
566059,565714
