2,2
4,4
6,6
8,8
10,10
12,12
814,813
816,815
1728,1727
1730,1729
1732,1731
2649,2647
2651,2649
2653,2651
2655,2653
3571,3567
3573,3569
3578,3573
3581,3576
4548,4542
4551,4545
5448,5442
5450,5444
6283,6277
6292,6286
6294,6288
6295,6289
6297,6291
7122,7115
7142,7135
8080,8073
9084,9076
9086,9078
9089,9081
10020,10011
10026,10017
10861,10851
11683,11673
12549,12539
12552,12542
12555,12545
13375,13364
13377,13366
13379,13368
13381,13370
14219,14208
14221,14209
14223,14211
15155,15143
16065,16052
17106,17093
17109,17096
17111,17098
18190,18176
19571,19557
19586,19572
19589,19574
20814,20799
20816,20801
20818,20803
20820,20805
20825,20809
21913,21896
21916,21899
23335,23318
23338,23321
23341,23323
24595,24576
24620,24601
25596,25577
25598,25578
26569,26548
26572,26550
26575,26553
26577,26555
27379,27357
27382,27360
28192,28169
29012,28988
29805,29779
29807,29781
29810,29783
29813,29786
29820,29792
29822,29794
29825,29797
29828,29799
29831,29802
30623,30593
30625,30595
30627,30597
30629,30599
30630,30600
31426,31395
31428,31397
31430,31399
31433,31402
31435,31404
32236,32205
33073,33042
33887,33855
33889,33857
34711,34678
34713,34679
34714,34680
34716,34681
34719,34684
34720,34685
34722,34687
34724,34689
34728,34693
35654,35619
35656,35621
36508,36472
37408,37371
37410,37373
38401,38364
39526,39489
40752,40715
40754,40716
41659,41620
42717,42678
42719,42679
42721,42680
42724,42683
43669,43628
44605,44564
44607,44566
44609,44568
45882,45841
45884,45843
47087,47046
47090,47048
47093,47050
47095,47052
48010,47967
48998,48955
49001,48958
49012,48968
49922,49878
49925,49881
49930,49886
49933,49889
49960,49916
50853,50809
50855,50811
50860,50816
50865,50821
50868,50824
50871,50827
50874,50829
50877,50832
51758,51713
51769,51723
51772,51726
52594,52547
53436,53389
54337,54290
55211,55164
55214,55167
55216,55169
56041,55994
56043,55995
56045,55997
56047,55998
56954,56904
57871,57821
58743,58693
59749,59699
59753,59702
59756,59705
59758,59706
59760,59707
60733,60679
61679,61624
61680,61625
61682,61626
62519,62463
62527,62470
63366,63308
63368,63310
63370,63311
63372,63313
64162,64102
64165,64104
64975,64913
64978,64915
64981,64918
65790,65726
66597,66533
66599,66535
66600,66536
67376,67311
67378,67312
68175,68109
68177,68110
68179,68112
69103,69036
70041,69974
70043,69975
70045,69977
70911,70843
70913,70845
70916,70848
70917,70849
71873,71805
72753,72685
72755,72687
72757,72688
73684,73615
74644,74574
74653,74583
75579,75508
76682,76611
77709,77638
77710,77639
78720,78648
79661,79589
79665,79593
79667,79594
79670,79597
79673,79600
80630,80557
80632,80558
81421,81347
81423,81349
81425,81351
81427,81352
81429,81354
81431,81356
81433,81358
82188,82112
82979,82903
83784,83707
84650,84573
84652,84575
85482,85404
85483,85405
85491,85413
85493,85414
86449,86370
87284,87205
87291,87212
87294,87215
87307,87227
88116,88036
88124,88043
88126,88044
88935,88853
89805,89722
89806,89723
89809,89726
89811,89727
89813,89728
90731,90646
90734,90649
91884,91799
92846,92761
92848,92763
92850,92765
94139,94054
95312,95226
95314,95228
96681,96595
96683,96597
97966,97880
97968,97881
97970,97883
97972,97885
99113,99026
100229,100142
100231,100144
101111,101024
102125,102038
103210,103123
103212,103124
103214,103126
104215,104127
105373,105284
105381,105292
105384,105295
106255,106165
106256,106166
107115,107025
107120,107029
108060,107969
108062,107971
108065,107974
108068,107977
108850,108759
109648,109556
109650,109558
109652,109559
109677,109584
109681,109588
110449,110356
110452,110359
111219,111126
111221,111127
111224,111130
111230,111136
111233,111139
111236,111142
112028,111933
112031,111935
112050,111954
112052,111956
112856,112760
112860,112764
112862,112765
112863,112766
113891,113794
113893,113796
115073,114975
115076,114978
116188,116090
117490,117391
117493,117393
118608,118508
119785,119685
119786,119686
120951,120850
120953,120852
120955,120853
120957,120854
120960,120857
120963,120860
120965,120861
120967,120862
121875,121770
121878,121772
123174,123067
124630,124523
126090,125983
126103,125995
126104,125996
127550,127442
128920,128811
130310,130201
130322,130213
131764,131655
131766,131657
132924,132815
132926,132817
133878,133768
133880,133770
135233,135123
135236,135126
135238,135128
136366,136256
136369,136259
136372,136261
137275,137164
137277,137165
137280,137167
138130,138017
138132,138018
138944,138829
138946,138831
138948,138833
139771,139656
140628,140513
140630,140515
140633,140518
140635,140519
141583,141467
141586,141470
142407,142290
142409,142291
142410,142292
142412,142293
142415,142295
142417,142296
142420,142298
143364,143242
144235,144113
144238,144115
145062,144939
145888,145765
146687,146564
146689,146565
147521,147397
147523,147399
148364,148239
148365,148240
149187,149062
149188,149063
149189,149064
149190,149065
150248,150122
151439,151313
152638,152512
153631,153505
154690,154563
154693,154565
155916,155788
155917,155789
157154,157025
157156,157026
158298,158168
158300,158170
159566,159435
159568,159437
160801,160670
161949,161818
161951,161820
161954,161823
161955,161824
161958,161827
161960,161829
161963,161832
163042,162910
164060,163928
164061,163929
164063,163931
164069,163937
164851,164719
164853,164721
164856,164724
165635,165502
165638,165505
166422,166289
166424,166291
166425,166292
167216,167083
167219,167086
168024,167891
168822,168689
168825,168691
169619,169485
169622,169487
169624,169489
170406,170271
170413,170278
171193,171058
171195,171059
171197,171060
171198,171061
172026,171889
172029,171892
172032,171895
172034,171897
172037,171899
172865,172727
173744,173605
174724,174585
174726,174587
174727,174588
175801,175662
175802,175663
175803,175664
176964,176824
178031,177891
179325,179185
179327,179187
179329,179189
180400,180260
180403,180263
180406,180266
180412,180272
180414,180274
181515,181375
182409,182269
182410,182270
183231,183090
184049,183908
184051,183909
184853,184711
184856,184713
185671,185527
185674,185530
185679,185535
186470,186326
186473,186328
186475,186329
186476,186330
187287,187141
188114,187968
188946,188800
188947,188801
189784,189638
190613,190466
190614,190467
191600,191453
192640,192492
192641,192493
192643,192495
192645,192496
193671,193522
193673,193524
193676,193527
194767,194617
194768,194618
195886,195736
195889,195738
196847,196696
197707,197556
197709,197557
197713,197561
198548,198396
198549,198397
199358,199206
199360,199207
199363,199210
199365,199212
199367,199214
200164,200011
200944,200791
200946,200793
200948,200794
201725,201571
201726,201572
201728,201574
201729,201575
201731,201576
201732,201577
201733,201578
202516,202361
202517,202362
202519,202364
203454,203299
204344,204188
204345,204189
205171,205015
205173,205017
206136,205980
206137,205981
206138,205982
206140,205984
207057,206900
207058,206901
207060,206903
207062,206905
207063,206906
207065,206908
207952,207795
208816,208659
208818,208661
208821,208664
209695,209537
209698,209540
210540,210382
210543,210385
211383,211225
211386,211227
211388,211229
211390,211230
211393,211231
211396,211233
211398,211234
211401,211237
212210,212045
213006,212841
213007,212842
213009,212844
213010,212845
213794,213628
214591,214425
214593,214426
214598,214430
214600,214431
214601,214432
214602,214433
214604,214434
215394,215223
215395,215224
215396,215225
215397,215226
215399,215227
215404,215232
215405,215233
215406,215234
215408,215235
216331,216158
217395,217221
218495,218321
218498,218323
218500,218325
219933,219758
219936,219761
221195,221020
221197,221022
222691,222516
223679,223504
224862,224687
224865,224690
225868,225692
225870,225694
225872,225696
225874,225698
225881,225704
225882,225705
225884,225706
226846,226667
226849,226670
227700,227521
227702,227523
227705,227526
228548,228369
229467,229288
230292,230113
230293,230114
231120,230940
232020,231840
232022,231842
232024,231844
233012,232832
233014,232833
233998,233817
234000,233819
235045,234864
235047,234866
236081,235900
236083,235901
236086,235904
237145,236963
237147,236964
237148,236965
238204,238021
238207,238024
238210,238026
238212,238027
239094,238909
239097,238912
239965,239780
239971,239786
239972,239787
239974,239788
241111,240925
241112,240926
241115,240928
242258,242071
243263,243076
244409,244222
244411,244224
245401,245214
246643,246455
246644,246456
246645,246457
246646,246458
246648,246459
247689,247500
247691,247502
248948,248759
250323,250134
251361,251172
251363,251174
251364,251175
252355,252166
252357,252167
253619,253428
253622,253430
253625,253433
254454,254262
255300,255108
255303,255110
255306,255113
256164,255971
256167,255973
256169,255974
257036,256841
257037,256842
257915,257720
257917,257722
258777,258582
259634,259439
259635,259440
259637,259441
260482,260286
260484,260287
260486,260288
260488,260290
261324,261126
261325,261127
261327,261128
261329,261130
261332,261133
262157,261958
262996,262797
262997,262798
263849,263650
263852,263653
263855,263656
263860,263661
263863,263664
264716,264517
264719,264520
264734,264535
264735,264536
265597,265397
266518,266318
266520,266320
266521,266321
267422,267222
268332,268131
268335,268134
269252,269051
270110,269909
270111,269910
270112,269911
270113,269912
270945,270743
270946,270744
270951,270749
270953,270750
270958,270755
271817,271614
272768,272565
273630,273426
273632,273427
273634,273428
274569,274363
274570,274364
275462,275256
276352,276146
276354,276148
276356,276150
276359,276153
277232,277025
278086,277879
278089,277882
278091,277884
278092,277885
278093,277886
278095,277887
278928,278720
278930,278721
279913,279703
279914,279704
281079,280869
282021,281810
282022,281811
283115,282904
283117,282906
284127,283915
284129,283917
284131,283919
285201,284989
285220,285008
285226,285014
285228,285016
286328,286116
286329,286117
287306,287094
288315,288103
288317,288105
288320,288107
288322,288108
289197,288982
289200,288985
289203,288988
289205,288990
290031,289815
290846,290629
290847,290630
291663,291446
292496,292279
292499,292282
293336,293119
294170,293953
294171,293954
294172,293955
294173,293956
294174,293957
295028,294810
296147,295928
297178,296959
297179,296960
298413,298194
298414,298195
299399,299180
300490,300271
300491,300272
300493,300273
300494,300274
301619,301399
301620,301400
301622,301402
302517,302297
303538,303318
304678,304457
305777,305556
305780,305559
305782,305561
305787,305566
306804,306583
306807,306586
306809,306588
306811,306590
306813,306592
306814,306593
306815,306594
307634,307413
307637,307415
308474,308251
309303,309080
310113,309890
310116,309892
310119,309895
310122,309898
310951,310727
311762,311538
311763,311539
311768,311544
312561,312337
312562,312338
313400,313175
313401,313176
313402,313177
314533,314307
314536,314310
315549,315323
315551,315325
315553,315327
316631,316405
316634,316408
317606,317380
317608,317382
317610,317383
317612,317385
318697,318470
318698,318471
319701,319473
319703,319474
319706,319477
319708,319479
320519,320290
321326,321097
321327,321098
321329,321100
321331,321102
322123,321893
322124,321894
322127,321895
322130,321898
322133,321901
322136,321904
322948,322715
322951,322718
322953,322720
323772,323539
323774,323541
323776,323542
324586,324352
324587,324353
324588,324354
324590,324356
324593,324358
324595,324360
324598,324363
324601,324366
324602,324367
325402,325167
325405,325170
325406,325171
325407,325172
325409,325173
326224,325988
326244,326007
327088,326851
327093,326856
327096,326859
327099,326862
327101,326863
327932,327694
327934,327696
327938,327700
327941,327703
327944,327705
328792,328553
328793,328554
328794,328555
329631,329392
329633,329394
329636,329397
329639,329399
330445,330205
330446,330206
330447,330207
330448,330208
330451,330211
330454,330214
331276,331035
332082,331840
332084,331841
332087,331843
332903,332659
333746,333501
333749,333503
334588,334342
334591,334345
334592,334346
335456,335209
336322,336075
336323,336076
336324,336077
336326,336079
336328,336080
336331,336082
337275,337026
337277,337027
337278,337028
338148,337898
338150,337900
338977,338726
338978,338727
339824,339573
339826,339575
339829,339577
340729,340476
340732,340479
340735,340482
340738,340485
340739,340486
341560,341307
341561,341308
342397,342144
342399,342146
343296,343042
343297,343043
344224,343970
345194,344939
345196,344941
346078,345823
347045,346790
348089,347833
348090,347834
348092,347835
348094,347837
348095,347838
348096,347839
348099,347842
349005,348747
349894,349636
349896,349637
349898,349638
349900,349639
350888,350627
350890,350628
352080,351818
352082,351819
353117,352854
353120,352857
353122,352858
353124,352860
354367,354103
355786,355522
355788,355524
355789,355525
355791,355526
357186,356921
357187,356922
358214,357949
358215,357950
359303,359038
359306,359041
360449,360184
361697,361432
362509,362244
363335,363070
363338,363073
364160,363895
364161,363896
365003,364738
365006,364741
365009,364744
365012,364747
365015,364750
365017,364752
365854,365588
365857,365591
365860,365593
366669,366402
367508,367241
367512,367244
368317,368048
369133,368864
369136,368867
369954,369684
369957,369686
369959,369687
369961,369688
370789,370516
370791,370517
370798,370523
370800,370525
371610,371335
371613,371338
372448,372173
373277,373002
374097,373822
374921,374645
374925,374648
375786,375509
376645,376367
376648,376369
376649,376370
377542,377263
377548,377269
377550,377271
378513,378233
379469,379189
379471,379190
379472,379191
379474,379193
380349,380068
380350,380069
381462,381181
382416,382135
382417,382136
382418,382137
383546,383265
384864,384583
384870,384588
384871,384589
384872,384590
384873,384591
386253,385971
387621,387339
389030,388748
389032,388750
389033,388751
389035,388753
390110,389828
390111,389829
390113,389831
390114,389832
390115,389833
390117,389834
390978,390695
390980,390697
390983,390700
390986,390703
391001,390718
391003,390719
391824,391539
392660,392375
392661,392376
393472,393186
393474,393187
393475,393188
393476,393189
393476,393189
393477,393190
393479,393191
393481,393192
393482,393193
394279,393990
394280,393991
394282,393992
395070,394779
395071,394780
395072,394781
395073,394782
395078,394787
395083,394792
395849,395558
395854,395563
395856,395565
395858,395567
395859,395568
395865,395574
395867,395575
396857,396565
397795,397503
397797,397505
398800,398508
399761,399469
399764,399472
399766,399474
399769,399476
400758,400465
401749,401455
402668,402374
402671,402377
402674,402380
402679,402385
402680,402386
402685,402391
403605,403311
403607,403313
403609,403314
404606,404310
404609,404313
404612,404316
404615,404319
405572,405275
405574,405276
405577,405278
406419,406120
406420,406121
406422,406123
407243,406943
407244,406944
407245,406945
408044,407744
408046,407746
408048,407748
408049,407749
408869,408569
408875,408575
409708,409408
409710,409410
409716,409415
409718,409417
410529,410227
410532,410229
410535,410232
411340,411037
411341,411038
411344,411041
411347,411043
411349,411045
411352,411047
411354,411049
411355,411050
411358,411053
411361,411055
412164,411858
412976,412670
412977,412671
412978,412672
412981,412674
412984,412676
412987,412679
413782,413474
414591,414282
414594,414284
415413,415102
416268,415957
416269,415958
416270,415959
416272,415961
417098,416787
417943,417632
418761,418450
419599,419288
419602,419291
419605,419294
419607,419296
419610,419299
419613,419302
420440,420129
421280,420968
422094,421782
422095,421783
422101,421789
422103,421790
422105,421792
422920,422606
422921,422607
423730,423416
423732,423418
423734,423420
423736,423422
424541,424226
425350,425035
425356,425041
425358,425043
426176,425861
426995,426680
426996,426681
426998,426683
427001,426686
427801,427485
427802,427486
427803,427487
427804,427488
427806,427489
427807,427490
427812,427495
428616,428299
428617,428300
428618,428301
428619,428302
428620,428303
428621,428304
428622,428305
428625,428308
428628,428311
429440,429122
430240,429922
430241,429923
431054,430736
431055,430737
431057,430738
431059,430739
431073,430752
431847,431526
431849,431527
431851,431528
431854,431531
431856,431533
432663,432340
432666,432343
433468,433145
433469,433146
434279,433956
435091,434768
435868,435545
435871,435546
435873,435548
436764,436439
436765,436440
436766,436441
437716,437391
437718,437392
438734,438408
438737,438410
439593,439265
439594,439266
439595,439267
440569,440241
441525,441196
442479,442150
442481,442151
442483,442152
442488,442156
443286,442954
443288,442955
444094,443761
444095,443762
444096,443763
444097,443764
444099,443766
444100,443767
444102,443768
444103,443769
444895,444560
444897,444561
444898,444562
444899,444563
445698,445362
445699,445363
445701,445364
445703,445366
446508,446171
446510,446173
446513,446176
446514,446177
447334,446996
447336,446998
447338,446999
447340,447000
447348,447007
448176,447835
448178,447836
449008,448665
449010,448667
449012,448669
449923,449580
449924,449581
449926,449582
450822,450477
451656,451311
451661,451316
452564,452218
452570,452224
452571,452225
453378,453032
454181,453834
454991,454643
454992,454644
455811,455463
455812,455464
455813,455465
455815,455467
455817,455469
456607,456259
457413,457065
458242,457894
458244,457896
459036,458687
459832,459483
459833,459484
459834,459485
459836,459487
460740,460391
461615,461266
462481,462132
462484,462135
463481,463132
464357,464008
464359,464010
464360,464011
464363,464014
464366,464017
465154,464805
465975,465626
466781,466432
466784,466434
467598,467248
467601,467251
468404,468054
469181,468831
469182,468832
469183,468833
469960,469610
469961,469611
470744,470393
470746,470394
471534,471182
472322,471970
472323,471971
472325,471973
473119,472767
473120,472768
473901,473549
474675,474323
474676,474324
474677,474325
474678,474326
475442,475090
475444,475092
475445,475093
476201,475849
476202,475850
476980,476628
476985,476633
476987,476634
477742,477388
