2,1
4,2
6,4
8,6
10,8
14,11
16,13
886,882
888,884
1791,1787
1796,1791
1798,1793
1801,1795
2684,2677
2686,2679
2688,2681
2692,2685
2712,2704
2715,2707
3748,3739
3750,3740
4875,4864
4877,4866
4880,4869
6028,6017
6029,6018
6030,6019
6031,6020
6033,6022
7134,7123
8182,8171
8184,8173
9328,9317
9330,9319
10386,10374
10388,10375
11246,11233
11247,11234
12105,12091
12107,12093
12951,12937
13785,13771
13786,13772
13787,13773
13793,13778
13794,13779
13795,13780
13796,13781
13798,13783
14643,14628
14645,14630
15488,15473
15490,15474
16343,16327
16344,16328
17176,17159
17178,17160
18020,18001
18022,18002
18023,18003
18025,18005
18027,18007
18046,18016
18050,18019
18053,18022
18903,18872
18904,18873
18906,18874
19782,19750
19784,19752
20656,20623
20658,20624
20660,20625
21685,21650
22944,22909
22945,22910
24462,24427
24464,24428
24466,24430
24471,24435
25754,25718
25756,25719
26969,26932
26971,26934
28444,28406
28445,28407
28447,28408
28448,28409
28449,28410
28450,28411
28451,28412
28452,28413
28454,28414
29633,29592
30709,30668
30712,30671
30715,30674
30718,30677
30720,30678
31612,31570
31615,31573
32509,32467
32511,32468
32512,32469
33416,33373
33418,33374
33420,33375
33422,33376
34341,34294
34343,34296
34345,34297
34347,34299
35387,35339
36332,36284
36334,36286
37518,37469
38644,38594
39831,39781
39832,39782
39834,39783
39836,39785
41001,40950
42115,42063
42117,42065
42119,42067
43147,43095
44263,44211
45336,45284
45338,45285
45339,45286
45340,45287
45342,45289
46338,46285
46340,46286
46342,46287
46344,46288
46345,46289
47680,47624
47682,47626
48648,48591
48650,48593
48653,48596
48656,48599
48659,48602
49762,49704
49764,49705
49766,49707
49769,49710
49772,49713
49780,49721
51037,50978
52275,52216
52279,52219
53333,53273
53335,53275
53337,53276
53340,53279
54533,54472
55970,55909
55972,55911
57377,57316
58837,58776
58839,58777
58841,58778
60109,60045
60111,60047
61295,61230
61296,61231
62395,62330
63519,63454
63521,63456
64528,64463
64529,64464
64531,64465
65616,65550
65618,65551
65624,65557
65626,65558
66884,66816
67850,67782
67852,67783
69125,69056
70654,70585
71981,71912
71985,71916
71987,71917
73414,73343
73416,73344
74932,74860
76326,76254
76328,76256
77858,77786
79175,79103
79177,79105
80305,80232
80307,80233
81647,81573
81648,81574
81649,81575
81650,81576
81651,81577
81653,81578
82745,82670
82748,82672
83584,83508
83586,83509
83588,83510
83593,83515
84544,84466
85501,85423
86748,86669
87843,87764
87853,87774
89291,89212
89293,89213
89295,89215
90813,90732
90815,90733
90817,90735
92267,92185
93579,93497
93585,93503
93590,93508
95247,95165
95250,95168
95254,95172
97097,97014
97099,97015
98800,98715
100376,100290
101646,101560
103215,103129
104646,104560
104649,104563
105931,105845
105933,105847
105938,105852
105945,105858
106883,106795
107846,107758
107848,107759
107850,107761
107857,107768
107859,107770
108732,108643
108734,108644
108736,108645
108737,108646
108739,108647
108741,108649
109762,109669
110757,110664
110759,110665
110761,110666
110767,110670
111723,111625
111725,111627
112593,112495
112595,112496
113444,113345
114268,114168
114270,114169
114271,114170
114272,114171
114273,114172
114278,114177
114281,114180
115134,115033
115137,115036
115980,115878
115982,115880
116853,116751
116855,116753
117729,117627
118641,118539
118643,118541
118646,118544
119586,119484
120576,120474
120581,120479
120583,120480
121481,121378
122369,122265
122370,122266
123286,123182
123289,123185
123291,123186
124470,124364
125699,125593
125701,125594
125703,125595
125704,125596
125706,125597
127183,127074
127186,127077
127191,127082
127193,127084
128618,128509
130431,130322
130433,130324
132064,131954
133245,133135
133247,133137
133250,133140
133251,133141
134682,134572
134685,134575
134687,134577
134689,134579
134691,134580
134693,134581
135858,135746
135860,135747
136992,136879
138109,137995
138110,137996
138112,137998
138114,137999
139295,139179
139297,139181
140199,140083
140202,140085
140204,140087
141032,140915
141033,140916
141035,140917
141038,140920
142292,142173
143553,143434
145022,144902
145023,144903
145025,144904
146506,146385
148127,148006
149780,149658
151678,151555
151681,151557
153421,153297
153422,153298
153423,153299
155174,155050
155176,155051
155177,155052
155179,155054
156612,156487
156614,156489
156616,156490
156618,156492
158681,158554
158682,158555
159956,159828
159958,159829
161673,161543
163124,162993
163127,162996
164194,164063
164196,164065
164198,164067
164200,164069
164202,164070
165171,165039
165173,165041
165174,165042
165176,165043
165178,165044
166356,166221
167562,167426
167564,167428
167566,167430
167568,167431
167570,167432
168620,168482
169694,169555
169697,169558
170825,170686
171778,171638
172668,172527
172670,172529
172672,172530
172675,172533
173544,173402
174419,174276
174421,174278
175272,175129
175274,175130
175277,175133
175278,175134
175280,175135
176189,176043
177116,176970
177992,177845
178039,177892
178941,178794
178942,178795
179797,179650
179800,179653
180920,180772
180923,180775
181983,181835
183014,182866
183015,182867
183018,182870
183020,182872
183023,182875
183026,182877
183028,182878
183030,182880
184158,184007
185157,185005
185159,185007
186181,186029
186183,186030
186189,186036
186191,186038
187064,186911
187067,186914
187927,187774
187929,187775
187931,187776
188814,188659
188816,188660
189708,189552
189710,189553
189712,189554
190640,190481
191574,191414
191576,191415
192500,192339
192503,192342
193456,193295
193462,193300
193464,193302
193466,193304
193468,193305
193469,193306
193482,193318
193484,193320
193486,193321
194615,194450
195855,195690
197012,196847
197014,196849
197016,196851
198164,197999
198167,198000
199273,199106
199275,199107
200776,200608
200777,200609
202601,202433
203849,203681
203851,203682
203853,203683
203855,203684
203856,203685
203858,203687
203860,203689
205424,205253
206717,206546
207815,207644
207817,207645
208854,208682
208855,208683
208857,208684
209813,209640
209814,209641
210750,210577
210751,210578
210753,210579
211723,211549
211728,211554
211730,211556
212570,212395
212573,212398
212575,212399
213405,213228
214256,214079
215293,215116
215295,215117
215296,215118
216686,216508
218080,217902
218081,217903
218084,217906
219531,219352
219533,219354
221075,220896
221078,220898
221080,220899
222634,222452
224086,223904
225375,225193
225377,225194
226528,226345
227694,227511
227696,227513
228772,228589
228773,228590
228775,228592
228777,228593
229750,229566
229753,229568
230626,230440
231494,231307
232379,232192
232381,232193
232382,232194
232384,232196
232386,232198
232388,232200
232389,232201
232391,232202
232392,232203
233228,233039
233229,233040
233230,233041
233232,233043
234046,233857
234896,234706
234898,234707
235752,235561
235753,235562
236594,236402
236596,236403
236599,236406
236600,236407
236601,236408
236603,236410
236605,236411
237557,237362
237559,237364
237561,237365
238546,238350
238548,238352
239663,239467
240711,240515
240712,240516
240714,240518
240716,240519
241878,241681
241880,241682
241882,241684
243038,242840
243040,242841
244156,243957
244158,243958
245429,245229
245430,245230
245432,245231
245434,245233
246811,246610
247921,247720
247924,247722
247931,247729
247933,247731
249150,248947
249152,248949
250290,250086
250293,250089
251237,251032
251240,251034
251245,251038
251246,251039
251249,251042
251251,251043
252242,252033
252243,252034
252245,252035
252246,252036
252247,252037
252249,252038
252251,252040
252254,252042
253234,253021
254121,253907
254123,253909
254125,253911
255013,254798
255883,255668
255885,255669
255890,255674
256799,256583
256801,256584
256802,256585
256804,256586
256806,256588
257870,257651
257873,257654
257876,257657
258854,258635
258856,258636
259837,259616
259840,259618
259843,259621
260975,260752
262051,261827
262053,261829
263168,262944
263170,262946
264310,264086
264313,264089
265563,265339
266716,266492
266719,266495
266722,266498
267682,267458
268667,268442
268668,268443
269628,269402
269633,269407
269636,269410
269639,269413
269641,269414
269642,269415
270557,270330
270559,270331
270560,270332
270562,270334
270564,270335
271435,271206
272299,272070
272301,272071
272302,272072
273193,272963
273196,272966
273199,272969
273201,272970
274064,273833
274067,273835
274070,273838
274997,274764
275000,274767
275002,274769
276012,275779
276014,275780
276960,276724
276961,276725
277961,277725
277963,277727
279074,278838
279076,278840
280193,279956
280195,279958
280197,279960
280199,279962
281130,280892
281131,280893
282393,282155
282395,282156
282396,282157
283452,283213
283454,283215
284959,284719
286163,285922
287450,287209
287452,287211
288610,288369
288612,288370
290237,289994
290238,289995
291489,291246
291491,291247
293140,292896
293143,292899
294736,294492
294738,294493
296108,295863
296109,295864
296111,295865
297785,297539
297787,297540
299601,299354
301239,300991
302853,302604
302855,302605
302857,302607
304327,304077
304329,304079
304332,304082
305682,305432
305685,305434
305687,305435
305689,305436
306871,306618
306872,306619
306874,306620
307841,307586
307844,307589
308766,308511
309651,309396
309656,309401
310574,310318
310576,310320
310578,310322
310580,310324
311651,311394
311652,311395
312763,312506
313850,313592
313853,313594
314897,314637
314900,314639
314901,314640
315857,315596
315859,315597
315861,315598
315863,315599
316767,316503
317718,317454
317719,317455
318768,318504
318771,318506
319812,319547
319813,319548
319815,319549
320774,320508
320776,320510
320778,320512
321706,321439
321708,321441
321709,321442
321711,321444
321713,321446
322733,322465
324000,323731
325264,324994
325265,324995
326493,326223
326495,326224
326497,326225
326499,326227
326502,326230
326503,326231
328221,327949
328223,327950
329782,329509
329788,329515
331379,331106
331381,331108
331383,331109
332778,332503
333979,333704
333981,333706
333983,333707
335220,334943
335222,334945
335225,334948
335228,334950
335229,334951
336386,336108
337460,337182
337462,337183
338511,338231
338513,338232
339511,339230
339512,339231
339513,339232
339515,339233
340706,340424
340708,340426
342007,341725
343481,343199
343483,343200
344758,344475
346072,345788
346074,345789
347620,347335
347622,347337
347624,347339
349034,348748
350676,350389
350678,350391
352168,351881
352170,351882
353934,353646
355524,355236
355527,355239
355529,355241
357333,357044
358956,358667
358958,358669
358961,358671
358963,358672
360506,360215
362163,361871
362166,361874
363483,363191
363484,363192
365026,364734
365028,364735
365029,364736
366250,365957
367347,367050
367350,367053
367352,367055
368706,368409
368707,368410
368709,368411
368715,368417
369758,369459
371238,370939
372537,372238
372538,372239
373742,373442
373745,373445
373748,373448
373751,373451
373754,373454
375228,374927
376768,376467
376769,376468
378235,377933
378238,377936
379464,379161
379466,379163
380840,380537
380842,380538
380843,380539
380845,380541
382026,381722
383342,383037
383344,383038
383346,383039
383351,383043
383353,383045
384178,383869
385036,384726
385038,384727
385894,385583
385895,385584
386764,386453
386766,386454
386769,386456
386771,386457
386774,386460
386777,386463
386793,386479
386794,386480
386796,386481
386797,386482
387649,387334
387652,387336
388507,388190
388508,388191
389380,389063
389383,389065
389385,389067
389388,389070
389391,389073
389392,389074
389394,389075
390288,389969
390290,389971
390292,389972
390294,389974
390299,389979
390304,389984
391164,390843
391167,390846
391169,390848
392106,391785
392108,391786
392110,391788
392118,391796
392121,391799
393099,392777
393100,392778
393101,392779
393988,393665
393990,393666
393991,393667
393993,393669
394936,394612
394938,394614
394940,394616
394943,394619
394945,394620
394947,394621
394949,394622
395821,395493
395822,395494
396701,396372
397588,397259
397591,397262
398487,398158
398489,398159
398491,398161
398492,398162
399608,399278
400651,400321
400652,400322
401813,401483
401815,401484
401817,401486
401819,401488
403135,402804
403137,402805
404318,403986
404320,403987
404322,403988
404324,403989
404326,403990
405528,405192
406664,406327
407734,407397
407736,407399
407738,407400
408717,408379
408719,408381
408721,408382
408723,408383
408725,408384
408727,408385
409739,409397
410810,410468
410812,410470
412096,411754
412098,411756
412101,411759
413317,412974
414775,414431
416077,415732
416079,415733
416081,415734
417410,417062
418606,418258
418608,418259
418611,418262
418614,418265
418616,418266
418618,418268
419796,419445
419798,419447
419800,419449
419802,419450
419803,419451
421012,420660
421014,420662
422279,421927
423436,423084
423438,423085
423440,423086
423442,423087
424866,424510
424868,424512
424870,424514
426340,425984
427709,427352
427711,427353
427717,427359
427719,427360
427721,427362
428916,428556
430075,429715
431367,431007
431373,431013
432548,432187
433490,433129
433492,433131
434399,434037
434401,434039
434402,434040
435396,435034
435398,435035
435401,435038
436349,435986
436351,435988
436353,435990
436355,435992
436358,435995
437344,436980
438296,437932
438298,437934
439189,438825
439191,438826
440118,439753
440120,439754
440122,439755
440125,439757
441069,440701
441071,440702
441073,440704
442177,441806
443231,442859
444517,444145
444520,444147
444522,444148
445909,445535
447503,447128
449282,448907
450479,450104
450481,450106
452391,452016
453973,453598
453974,453599
453976,453601
453979,453604
453982,453606
453985,453609
453988,453612
453991,453614
455205,454828
455207,454829
455210,454832
456381,456003
456383,456004
457345,456965
457347,456967
458283,457903
458285,457904
458286,457905
459270,458888
460372,459990
461371,460989
461373,460991
461379,460997
461380,460998
461382,460999
461384,461001
462383,462000
462385,462002
462388,462005
462391,462008
462392,462009
462393,462010
462394,462011
463297,462914
463299,462915
464196,463812
465106,464722
465108,464723
465111,464726
466039,465654
466041,465656
466043,465657
467014,466627
467016,466628
467017,466629
468203,467814
469550,469161
469553,469164
470758,470369
470759,470370
470761,470371
470762,470372
470764,470373
471874,471483
471876,471485
471878,471486
473190,472798
473192,472800
474646,474254
476148,475756
476150,475758
476153,475761
477666,477274
477675,477283
477678,477286
477680,477288
477683,477291
477685,477293
478716,478324
478719,478327
478720,478328
478722,478329
479776,479382
479779,479385
479781,479386
480717,480322
480719,480323
481710,481313
481712,481315
482711,482314
482713,482315
482715,482316
482718,482319
482720,482320
483714,483314
484789,484389
484791,484390
484793,484392
485794,485393
485796,485394
485797,485395
485798,485396
485800,485398
486909,486506
486911,486507
486913,486509
486915,486511
488421,488016
489887,489482
489889,489484
491376,490971
491378,490973
492682,492277
492684,492278
492686,492280
492688,492282
493974,493568
495084,494677
495085,494678
495086,494679
495087,494680
495089,494682
495091,494684
495092,494685
495956,495549
495957,495550
495958,495551
495960,495552
495962,495553
495964,495555
495966,495557
495968,495559
496794,496384
496796,496386
496798,496388
496801,496391
497625,497215
497628,497218
497630,497220
497631,497221
497633,497223
498636,498226
499840,499429
499841,499430
500801,500389
501743,501331
501745,501332
501746,501333
502889,502475
503936,503521
503938,503522
503940,503523
504935,504518
504937,504519
504939,504521
504941,504523
506099,505680
507227,506808
508280,507861
508282,507863
508287,507868
509623,509204
510766,510347
510767,510348
510768,510349
510770,510350
511658,511237
511659,511238
511661,511240
511662,511241
512591,512170
513509,513087
513515,513093
514472,514050
514474,514052
514475,514053
514477,514055
515461,515039
515464,515042
516453,516031
516455,516033
516457,516034
516459,516035
517475,517051
517477,517053
517479,517054
517480,517055
517482,517056
517483,517057
517484,517058
517486,517059
517487,517060
517489,517062
518378,517951
518381,517954
518384,517957
519228,518801
519230,518802
520076,519648
520917,520489
520918,520490
520920,520492
520923,520494
520926,520495
521755,521324
521757,521326
521761,521330
521764,521333
522582,522150
522585,522153
523436,523003
523437,523004
524320,523879
525159,524718
526005,525563
526008,525565
526834,526391
526836,526393
526837,526394
526839,526395
527771,527327
527773,527329
527775,527330
527777,527331
528835,528389
528837,528390
529968,529521
531171,530724
531173,530726
532356,531909
533660,533213
533662,533215
533663,533216
533664,533217
533666,533219
533668,533221
534868,534420
534870,534422
534872,534424
536006,535558
536951,536503
536954,536506
538076,537627
539100,538651
539102,538652
539104,538654
539107,538657
539109,538659
540054,539604
540056,539606
541003,540553
541006,540556
541942,541491
541946,541495
541954,541503
541957,541506
541960,541508
541963,541511
542904,542452
542906,542453
542908,542454
543845,543391
544798,544343
544801,544346
544805,544350
544808,544353
544811,544356
544814,544358
544819,544363
545819,545363
545825,545369
546888,546431
547887,547430
547889,547431
548817,548358
549690,549231
549697,549237
549699,549239
550598,550138
550599,550139
550601,550141
550609,550148
551461,551000
552334,551872
553192,552730
553195,552733
554085,553622
554087,553623
554088,553624
554963,554497
555862,555396
555864,555397
556734,556267
557602,557134
557603,557135
558528,558060
559506,559038
559508,559039
559510,559040
560487,560017
560488,560018
560495,560024
561388,560917
562226,561755
563072,562600
563074,562601
563895,563422
563897,563423
564735,564261
564737,564262
565567,565092
565569,565093
566378,565902
566380,565903
567187,566709
567189,566710
568021,567542
568023,567543
568869,568389
569699,569218
569701,569220
569703,569222
570491,570010
570493,570012
570495,570014
571301,570820
571303,570821
571305,570823
572126,571644
572128,571646
572991,572508
572992,572509
573883,573400
573888,573405
573890,573407
574705,574222
